   0.0000000000000000        5.7282587489369163     
   1.0010010010010010E-003   5.7278907208813230     
   2.0020020020020020E-003   5.7267867102195904     
   3.0030030030030030E-003   5.7249469374466857     
   4.0040040040040040E-003   5.7223717699869789     
   5.0050050050050050E-003   5.7190617220934064     
   6.0060060060060060E-003   5.7150174547063362     
   7.0070070070070069E-003   5.7102397752721972     
   8.0080080080080079E-003   5.7047296375219032     
   9.0090090090090089E-003   5.6984881412091770     
   1.0010010010010010E-002   5.6915165318088183     
   1.1011011011011011E-002   5.6838162001750447     
   1.2012012012012012E-002   5.6753886821599835     
   1.3013013013013013E-002   5.6662356581924609     
   1.4014014014014014E-002   5.6563589528172074     
   1.5015015015015015E-002   5.6457605341946193     
   1.6016016016016016E-002   5.6344425135612450     
   1.7017017017017019E-002   5.6224071446511701     
   1.8018018018018018E-002   5.6096568230784616     
   1.9019019019019021E-002   5.5961940856808861     
   2.0020020020020020E-002   5.5820216098251096     
   2.1021021021021023E-002   5.5671422126735690     
   2.2022022022022022E-002   5.5515588504132900     
   2.3023023023023025E-002   5.5352746174468592     
   2.4024024024024024E-002   5.5182927455458168     
   2.5025025025025027E-002   5.5006166029667352     
   2.6026026026026026E-002   5.4822496935302736     
   2.7027027027027029E-002   5.4631956556634673     
   2.8028028028028028E-002   5.4434582614055902     
   2.9029029029029031E-002   5.4230414153778774     
   3.0030030030030030E-002   5.4019491537174442     
   3.1031031031031032E-002   5.3801856429757189     
   3.2032032032032032E-002   5.3577551789817734     
   3.3033033033033031E-002   5.3346621856708509     
   3.4034034034034037E-002   5.3109112138785246     
   3.5035035035035036E-002   5.2865069401008089     
   3.6036036036036036E-002   5.2614541652206448     
   3.7037037037037035E-002   5.2357578132011566     
   3.8038038038038041E-002   5.2094229297460695     
   3.9039039039039040E-002   5.1824546809277354     
   4.0040040040040040E-002   5.1548583517831759     
   4.1041041041041039E-002   5.1266393448785994     
   4.2042042042042045E-002   5.0978031788428204     
   4.3043043043043044E-002   5.0683554868700691     
   4.4044044044044044E-002   5.0383020151926328     
   4.5045045045045043E-002   5.0076486215238258     
   4.6046046046046049E-002   4.9764012734717635     
   4.7047047047047048E-002   4.9445660469244492     
   4.8048048048048048E-002   4.9121491244066631     
   4.9049049049049047E-002   4.8791567934091820     
   5.0050050050050053E-002   4.8455954446908418     
   5.1051051051051052E-002   4.8114715705539792     
   5.2052052052052052E-002   4.7767917630937884     
   5.3053053053053051E-002   4.7415627124221373     
   5.4054054054054057E-002   4.7057912048664052     
   5.5055055055055056E-002   4.6694841211438929     
   5.6056056056056056E-002   4.6326484345123848     
   5.7057057057057055E-002   4.5952912088974305     
   5.8058058058058061E-002   4.5574195969969349     
   5.9059059059059060E-002   4.5190408383636491     
   6.0060060060060060E-002   4.4801622574661488     
   6.1061061061061059E-002   4.4407912617289131     
   6.2062062062062065E-002   4.4009353395521114     
   6.3063063063063057E-002   4.3606020583117049     
   6.4064064064064064E-002   4.3197990623404987     
   6.5065065065065070E-002   4.2785340708907613     
   6.6066066066066062E-002   4.2368148760790447     
   6.7067067067067068E-002   4.1946493408138341     
   6.8068068068068074E-002   4.1520453967066988     
   6.9069069069069067E-002   4.1090110419675554     
   7.0070070070070073E-002   4.0655543392847058     
   7.1071071071071065E-002   4.0216834136903312     
   7.2072072072072071E-002   3.9774064504120576     
   7.3073073073073078E-002   3.9327316927112923     
   7.4074074074074070E-002   3.8876674397089861     
   7.5075075075075076E-002   3.8422220441994814     
   7.6076076076076082E-002   3.7964039104531482     
   7.7077077077077075E-002   3.7502214920084471     
   7.8078078078078081E-002   3.7036832894541325     
   7.9079079079079073E-002   3.6567978482022649     
   8.0080080080080079E-002   3.6095737562527019     
   8.1081081081081086E-002   3.5620196419497900     
   8.2082082082082078E-002   3.5141441717319104     
   8.3083083083083084E-002   3.4659560478745832     
   8.4084084084084090E-002   3.4174640062278243     
   8.5085085085085083E-002   3.3686768139484524     
   8.6086086086086089E-002   3.3196032672280129     
   8.7087087087087081E-002   3.2702521890170444     
   8.8088088088088087E-002   3.2206324267463686     
   8.9089089089089094E-002   3.1707528500460951     
   9.0090090090090086E-002   3.1206223484630415     
   9.1091091091091092E-002   3.0702498291772580     
   9.2092092092092098E-002   3.0196442147183657     
   9.3093093093093091E-002   2.9688144406823733     
   9.4094094094094097E-002   2.9177694534496998     
   9.5095095095095089E-002   2.8665182079050644     
   9.6096096096096095E-002   2.8150696651599509     
   9.7097097097097101E-002   2.7634327902783302     
   9.8098098098098094E-002   2.7116165500063318     
   9.9099099099099100E-002   2.6596299105065317     
  0.10010010010010011        2.6074818350975675     
  0.10110110110110110        2.5551812819997370     
  0.10210210210210210        2.5027372020872640     
  0.10310310310310310        2.4501585366479115     
  0.10410410410410410        2.3974542151506024     
  0.10510510510510511        2.3446331530217321     
  0.10610610610610610        2.2917042494308140     
  0.10710710710710711        2.2386763850861353     
  0.10810810810810811        2.1855584200410805     
  0.10910910910910911        2.1323591915117586     
  0.11011011011011011        2.0790875117065921     
  0.11111111111111110        2.0257521656685191     
  0.11211211211211211        1.9723619091304281     
  0.11311311311311312        1.9189254663844661     
  0.11411411411411411        1.8654515281658579     
  0.11511511511511512        1.8119487495518365     
  0.11611611611611612        1.7584257478763214     
  0.11711711711711711        1.7048911006609497     
  0.11811811811811812        1.6513533435630521     
  0.11911911911911911        1.5978209683411908     
  0.12012012012012012        1.5443024208388356     
  0.12112112112112113        1.4908060989867744     
  0.12212212212212212        1.4373403508248273     
  0.12312312312312312        1.3839134725434317     
  0.12412412412412413        1.3305337065456877     
  0.12512512512512514        1.2772092395303845     
  0.12612612612612611        1.2239482005965758     
  0.12712712712712712        1.1707586593702484     
  0.12812812812812813        1.1176486241536132     
  0.12912912912912913        1.0646260400975285     
  0.13013013013013014        1.0116987873976000     
  0.13113113113113112       0.95887467951444549     
  0.13213213213213212       0.90616146141861875     
  0.13313313313313313       0.85356680786071548     
  0.13413413413413414       0.80109832166710360     
  0.13513513513513514       0.74876353206177837     
  0.13613613613613615       0.69656989301478434     
  0.13713713713713713       0.64452478161769478     
  0.13813813813813813       0.59263549648653269     
  0.13913913913913914       0.54090925619264230     
  0.14014014014014015       0.48935319772187547     
  0.14114114114114115       0.43797437496253810     
  0.14214214214214213       0.38677975722249547     
  0.14314314314314314       0.33577622777582894     
  0.14414414414414414       0.28497058243944640     
  0.14514514514514515       0.23436952817998358     
  0.14614614614614616       0.18397968175140555     
  0.14714714714714713       0.13380756836362384     
  0.14814814814814814        8.3859620382494060E-002
  0.14914914914914915        3.4142176061522367E-002
  0.15015015015015015       -1.5338521694402529E-002
  0.15115115115115116       -6.4576326532943318E-002
  0.15215215215215216      -0.11356518982561148     
  0.15315315315315314      -0.16229916180613324     
  0.15415415415415415      -0.21077239267563064     
  0.15515515515515516      -0.25897913367432168     
  0.15615615615615616      -0.30691373811950784     
  0.15715715715715717      -0.35457066240960622     
  0.15815815815815815      -0.40194446699398179     
  0.15915915915915915      -0.44902981730837999     
  0.16016016016016016      -0.49582148467572473     
  0.16116116116116116      -0.54231434717212723     
  0.16216216216216217      -0.58850339045787259     
  0.16316316316316315      -0.63438370857326298     
  0.16416416416416416      -0.67995050469912155     
  0.16516516516516516      -0.72519909188180809     
  0.16616616616616617      -0.77012489372264892     
  0.16716716716716717      -0.81472344503161342     
  0.16816816816816818      -0.85899039244514208     
  0.16916916916916916      -0.90292149500803698     
  0.17017017017017017      -0.94651262471931596     
  0.17117117117117117      -0.98975976704193747     
  0.17217217217217218       -1.0326590213763769     
  0.17317317317317318       -1.0752066014979600     
  0.17417417417417416       -1.1173988359579277     
  0.17517517517517517       -1.1592321684482276     
  0.17617617617617617       -1.2007031581299730     
  0.17717717717717718       -1.2418084799255964     
  0.17817817817817819       -1.2825449247747160     
  0.17917917917917917       -1.3229093998536980     
  0.18018018018018017       -1.3628989287589821     
  0.18118118118118118       -1.4025106516541999     
  0.18218218218218218       -1.4417418253811394     
  0.18318318318318319       -1.4805898235346429     
  0.18418418418418420       -1.5190521365014968     
  0.18518518518518517       -1.5571263714634140     
  0.18618618618618618       -1.5948102523642220     
  0.18718718718718719       -1.6321016198413614     
  0.18818818818818819       -1.6689984311218189     
  0.18918918918918920       -1.7054987598826576     
  0.19019019019019018       -1.7416007960762627     
  0.19119119119119118       -1.7773028457204900     
  0.19219219219219219       -1.8126033306538767     
  0.19319319319319320       -1.8475007882561125     
  0.19419419419419420       -1.8819938711339466     
  0.19519519519519518       -1.9160813467727658     
  0.19619619619619619       -1.9497620971540428     
  0.19719719719719719       -1.9830351183388717     
  0.19819819819819820       -2.0158995200178778     
  0.19919919919919921       -2.0483545250277015     
  0.20020020020020021       -2.0803994688343437     
  0.20120120120120119       -2.1120337989836471     
  0.20220220220220220       -2.1432570745191915     
  0.20320320320320320       -2.1740689653678800     
  0.20420420420420421       -2.2044692516935553     
  0.20520520520520522       -2.2344578232189325     
  0.20620620620620619       -2.2640346785161647     
  0.20720720720720720       -2.2931999242664212     
  0.20820820820820821       -2.3219537744887537     
  0.20920920920920921       -2.3502965497386685     
  0.21021021021021022       -2.3782286762767235     
  0.21121121121121122       -2.4057506852075403     
  0.21221221221221220       -2.4328632115896052     
  0.21321321321321321       -2.4595669935162672     
  0.21421421421421422       -2.4858628711682940     
  0.21521521521521522       -2.5117517858384328     
  0.21621621621621623       -2.5372347789283825     
  0.21721721721721721       -2.5623129909185693     
  0.21821821821821821       -2.5869876603112201     
  0.21921921921921922       -2.6112601225471113     
  0.22022022022022023       -2.6351318088964826     
  0.22122122122122123       -2.6586042453245655     
  0.22222222222222221       -2.6816790513321793     
  0.22322322322322322       -2.7043579387718695     
  0.22422422422422422       -2.7266427106400837     
  0.22522522522522523       -2.7485352598458506     
  0.22622622622622623       -2.7700375679564622     
  0.22722722722722724       -2.7911517039206699     
  0.22822822822822822       -2.8118798227698840     
  0.22922922922922923       -2.8322241642978945     
  0.23023023023023023       -2.8521870517196475     
  0.23123123123123124       -2.8717708903095720     
  0.23223223223223224       -2.8909781660200147     
  0.23323323323323322       -2.9098114440803156     
  0.23423423423423423       -2.9282733675770385     
  0.23523523523523523       -2.9463666560159494     
  0.23623623623623624       -2.9640941038662478     
  0.23723723723723725       -2.9814585790876436     
  0.23823823823823823       -2.9984630216408164     
  0.23923923923923923       -3.0151104419818417     
  0.24024024024024024       -3.0314039195411326     
  0.24124124124124124       -3.0473466011874937     
  0.24224224224224225       -3.0629416996778476     
  0.24324324324324326       -3.0781924920932187     
  0.24424424424424424       -3.0931023182615656     
  0.24524524524524524       -3.1076745791680449     
  0.24624624624624625       -3.1219127353532827     
  0.24724724724724725       -3.1358203053002844     
  0.24824824824824826       -3.1494008638105329     
  0.24924924924924924       -3.1626580403699012     
  0.25025025025025027       -3.1755955175049806     
  0.25125125125125125       -3.1882170291304019     
  0.25225225225225223       -3.2005263588877879     
  0.25325325325325326       -3.2125273384769057     
  0.25425425425425424       -3.2242238459796551     
  0.25525525525525528       -3.2356198041774800     
  0.25625625625625625       -3.2467191788628194     
  0.25725725725725723       -3.2575259771452090     
  0.25825825825825827       -3.2680442457526269     
  0.25925925925925924       -3.2782780693287195     
  0.26026026026026028       -3.2882315687264789     
  0.26126126126126126       -3.2979088992990189     
  0.26226226226226224       -3.3073142491880327     
  0.26326326326326327       -3.3164518376105421     
  0.26426426426426425       -3.3253259131445496     
  0.26526526526526528       -3.3339407520142061     
  0.26626626626626626       -3.3423006563750750     
  0.26726726726726729       -3.3504099526001161     
  0.26826826826826827       -3.3582729895669816     
  0.26926926926926925       -3.3658941369472193     
  0.27027027027027029       -3.3732777834979859     
  0.27127127127127126       -3.3804283353568509     
  0.27227227227227230       -3.3873502143403069     
  0.27327327327327328       -3.3940478562465413     
  0.27427427427427425       -3.4005257091630856     
  0.27527527527527529       -3.4067882317798959     
  0.27627627627627627       -3.4128398917084697     
  0.27727727727727730       -3.4186851638075582     
  0.27827827827827828       -3.4243285285160323     
  0.27927927927927926       -3.4297744701935100     
  0.28028028028028029       -3.4350274754692558     
  0.28128128128128127       -3.4400920315999546     
  0.28228228228228230       -3.4449726248368857     
  0.28328328328328328       -3.4496737388030527     
  0.28428428428428426       -3.4541998528808193     
  0.28528528528528529       -3.4585554406105845     
  0.28628628628628627       -3.4627449681010254     
  0.28728728728728731       -3.4667728924514423     
  0.28828828828828829       -3.4706436601867243     
  0.28928928928928926       -3.4743617057054532     
  0.29029029029029030       -3.4779314497416487     
  0.29129129129129128       -3.4813572978406695     
  0.29229229229229231       -3.4846436388497568     
  0.29329329329329329       -3.4877948434237114     
  0.29429429429429427       -3.4908152625461977     
  0.29529529529529530       -3.4937092260671392     
  0.29629629629629628       -3.4964810412566791     
  0.29729729729729731       -3.4991349913761729     
  0.29829829829829829       -3.5016753342666567     
  0.29929929929929933       -3.5041063009552520     
  0.30030030030030030       -3.5064320942799361     
  0.30130130130130128       -3.5086568875331103     
  0.30230230230230232       -3.5107848231243985     
  0.30330330330330330       -3.5128200112630790     
  0.30430430430430433       -3.5147665286605658     
  0.30530530530530531       -3.5166284172533331     
  0.30630630630630629       -3.5184096829466829     
  0.30730730730730732       -3.5201142943797099     
  0.30830830830830830       -3.5217461817118823     
  0.30930930930930933       -3.5233092354315509     
  0.31031031031031031       -3.5248073051867861     
  0.31131131131131129       -3.5262441986388509     
  0.31231231231231232       -3.5276236803386767     
  0.31331331331331330       -3.5289494706266495     
  0.31431431431431434       -3.5302252445560307     
  0.31531531531531531       -3.5314546308403210     
  0.31631631631631629       -3.5326412108248606     
  0.31731731731731733       -3.5337885174829675     
  0.31831831831831831       -3.5349000344368684     
  0.31931931931931934       -3.5359791950037205     
  0.32032032032032032       -3.5370293812669544     
  0.32132132132132130       -3.5380539231732144     
  0.32232232232232233       -3.5390560976551013     
  0.32332332332332331       -3.5400391277799850     
  0.32432432432432434       -3.5410061819250727     
  0.32532532532532532       -3.5419603729789504     
  0.32632632632632630       -3.5429047575698052     
  0.32732732732732733       -3.5438423353205017     
  0.32832832832832831       -3.5447760481306885     
  0.32932932932932935       -3.5457087794861128     
  0.33033033033033032       -3.5466433537952851     
  0.33133133133133136       -3.5475825357536417     
  0.33233233233233234       -3.5485290297353482     
  0.33333333333333331       -3.5494854792128487     
  0.33433433433433435       -3.5504544662042821     
  0.33533533533533533       -3.5514385107488797     
  0.33633633633633636       -3.5524400704104075     
  0.33733733733733734       -3.5534615398087523     
  0.33833833833833832       -3.5545052501797185     
  0.33933933933933935       -3.5555734689630869     
  0.34034034034034033       -3.5566683994189852     
  0.34134134134134136       -3.5577921802726085     
  0.34234234234234234       -3.5589468853873170     
  0.34334334334334332       -3.5601345234661181     
  0.34434434434434436       -3.5613570377815398     
  0.34534534534534533       -3.5626163059338958     
  0.34634634634634637       -3.5639141396379168     
  0.34734734734734735       -3.5652522845377157     
  0.34834834834834832       -3.5666324200500599     
  0.34934934934934936       -3.5680561592358866     
  0.35035035035035034       -3.5695250487000179     
  0.35135135135135137       -3.5710405685189834     
  0.35235235235235235       -3.5726041321968864     
  0.35335335335335333       -3.5742170866492105     
  0.35435435435435436       -3.5758807122144698     
  0.35535535535535534       -3.5775962226935878     
  0.35635635635635637       -3.5793647654168792     
  0.35735735735735735       -3.5811874213385040     
  0.35835835835835833       -3.5830652051582450     
  0.35935935935935936       -3.5849990654704653     
  0.36036036036036034       -3.5869898849400652     
  0.36136136136136138       -3.5890384805052769     
  0.36236236236236236       -3.5911456036071123     
  0.36336336336336339       -3.5933119404452567     
  0.36436436436436437       -3.5955381122602250     
  0.36536536536536535       -3.5978246756415464     
  0.36636636636636638       -3.6001721228617720     
  0.36736736736736736       -3.6025808822360559     
  0.36836836836836839       -3.6050513185070829     
  0.36936936936936937       -3.6075837332550833     
  0.37037037037037035       -3.6101783653326800     
  0.37137137137137138       -3.6128353913242810     
  0.37237237237237236       -3.6155549260297741     
  0.37337337337337340       -3.6183370229721965     
  0.37437437437437437       -3.6211816749291068     
  0.37537537537537535       -3.6240888144873655     
  0.37637637637637639       -3.6270583146209634     
  0.37737737737737737       -3.6300899892916472     
  0.37837837837837840       -3.6331835940719439     
  0.37937937937937938       -3.6363388267903001     
  0.38038038038038036       -3.6395553281979480     
  0.38138138138138139       -3.6428326826571862     
  0.38238238238238237       -3.6461704188506756     
  0.38338338338338340       -3.6495680105114152     
  0.38438438438438438       -3.6530248771730012     
  0.38538538538538536       -3.6565403849397877     
  0.38638638638638639       -3.6601138472765813     
  0.38738738738738737       -3.6637445258174388     
  0.38838838838838841       -3.6674316311931943     
  0.38938938938938938       -3.6711743238772989     
  0.39039039039039036       -3.6749717150495345     
  0.39139139139139140       -3.6788228674772201     
  0.39239239239239238       -3.6827267964134460     
  0.39339339339339341       -3.6866824705119248     
  0.39439439439439439       -3.6906888127579993     
  0.39539539539539542       -3.6947447014153885     
  0.39639639639639640       -3.6988489709881973     
  0.39739739739739738       -3.7030004131977448     
  0.39839839839839841       -3.7071977779737497     
  0.39939939939939939       -3.7114397744594063     
  0.40040040040040042       -3.7157250720298847     
  0.40140140140140140       -3.7200523013237676     
  0.40240240240240238       -3.7244200552869771     
  0.40340340340340342       -3.7288268902286545     
  0.40440440440440439       -3.7332713268885689     
  0.40540540540540543       -3.7377518515155188     
  0.40640640640640641       -3.7422669169562512     
  0.40740740740740738       -3.7468149437544014     
  0.40840840840840842       -3.7513943212589513     
  0.40940940940940940       -3.7560034087416954     
  0.41041041041041043       -3.7606405365232294     
  0.41141141141141141       -3.7653040071069328     
  0.41241241241241239       -3.7699920963204412     
  0.41341341341341342       -3.7747030544641071     
  0.41441441441441440       -3.7794351074659129     
  0.41541541541541543       -3.7841864580423503     
  0.41641641641641641       -3.7889552868647125     
  0.41741741741741739       -3.7937397537303155     
  0.41841841841841843       -3.7985379987381060     
  0.41941941941941940       -3.8033481434681380     
  0.42042042042042044       -3.8081682921644169     
  0.42142142142142142       -3.8129965329205509     
  0.42242242242242245       -3.8178309388677349     
  0.42342342342342343       -3.8226695693644972     
  0.42442442442442441       -3.8275104711877299     
  0.42542542542542544       -3.8323516797244497     
  0.42642642642642642       -3.8371912201637883     
  0.42742742742742745       -3.8420271086886726     
  0.42842842842842843       -3.8468573536667048     
  0.42942942942942941       -3.8516799568396856     
  0.43043043043043044       -3.8564929145113047     
  0.43143143143143142       -3.8612942187324428     
  0.43243243243243246       -3.8660818584836121     
  0.43343343343343343       -3.8708538208539887     
  0.43443443443443441       -3.8756080922165448     
  0.43543543543543545       -3.8803426593987798     
  0.43643643643643643       -3.8850555108485239     
  0.43743743743743746       -3.8897446377943314     
  0.43843843843843844       -3.8944080353999699     
  0.43943943943943942       -3.8990437039124735     
  0.44044044044044045       -3.9036496498033095     
  0.44144144144144143       -3.9082238869021553     
  0.44244244244244246       -3.9127644375227888     
  0.44344344344344344       -3.9172693335806148     
  0.44444444444444442       -3.9217366177013675     
  0.44544544544544545       -3.9261643443204979     
  0.44644644644644643       -3.9305505807727750     
  0.44744744744744747       -3.9348934083716522     
  0.44844844844844844       -3.9391909234779319     
  0.44944944944944942       -3.9434412385572584     
  0.45045045045045046       -3.9476424832260291     
  0.45145145145145144       -3.9517928052852356     
  0.45245245245245247       -3.9558903717418192     
  0.45345345345345345       -3.9599333698171053     
  0.45445445445445448       -3.9639200079418990     
  0.45545545545545546       -3.9678485167377930     
  0.45645645645645644       -3.9717171499842974     
  0.45745745745745747       -3.9755241855713850     
  0.45845845845845845       -3.9792679264370170     
  0.45945945945945948       -3.9829467014893014     
  0.46046046046046046       -3.9865588665128526     
  0.46146146146146144       -3.9901028050589935     
  0.46246246246246248       -3.9935769293194197     
  0.46346346346346345       -3.9969796809829496     
  0.46446446446446449       -4.0003095320750219     
  0.46546546546546547       -4.0035649857795557     
  0.46646646646646645       -4.0067445772428538     
  0.46746746746746748       -4.0098468743592068     
  0.46846846846846846       -4.0128704785378426     
  0.46946946946946949       -4.0158140254509478     
  0.47047047047047047       -4.0186761857624003     
  0.47147147147147145       -4.0214556658369283     
  0.47247247247247248       -4.0241512084294015     
  0.47347347347347346       -4.0267615933539602     
  0.47447447447447449       -4.0292856381326967     
  0.47547547547547547       -4.0317221986236271     
  0.47647647647647645       -4.0340701696276859     
  0.47747747747747749       -4.0363284854744874     
  0.47847847847847846       -4.0384961205866157     
  0.47947947947947950       -4.0405720900221951     
  0.48048048048048048       -4.0425554499955290     
  0.48148148148148145       -4.0444452983755781     
  0.48248248248248249       -4.0462407751620741     
  0.48348348348348347       -4.0479410629390751     
  0.48448448448448450       -4.0495453873057539     
  0.48548548548548548       -4.0510530172842723     
  0.48648648648648651       -4.0524632657045352     
  0.48748748748748749       -4.0537754895656892     
  0.48848848848848847       -4.0549890903742076     
  0.48948948948948950       -4.0561035144584112     
  0.49049049049049048       -4.0571182532593104     
  0.49149149149149152       -4.0580328435976343     
  0.49249249249249250       -4.0588468679169427     
  0.49349349349349347       -4.0595599545027117     
  0.49449449449449451       -4.0601717776773150     
  0.49549549549549549       -4.0606820579708014     
  0.49649649649649652       -4.0610905622674185     
  0.49749749749749750       -4.0613971039277956     
  0.49849849849849848       -4.0616015428867698     
  0.49949949949949951       -4.0617037857267686     
  0.50050050050050054       -4.0617037857267686     
  0.50150150150150152       -4.0616015428867698     
  0.50250250250250250       -4.0613971039277956     
  0.50350350350350348       -4.0610905622674185     
  0.50450450450450446       -4.0606820579708014     
  0.50550550550550555       -4.0601717776773150     
  0.50650650650650653       -4.0595599545027117     
  0.50750750750750750       -4.0588468679169427     
  0.50850850850850848       -4.0580328435976343     
  0.50950950950950946       -4.0571182532593113     
  0.51051051051051055       -4.0561035144584112     
  0.51151151151151153       -4.0549890903742076     
  0.51251251251251251       -4.0537754895656892     
  0.51351351351351349       -4.0524632657045352     
  0.51451451451451446       -4.0510530172842723     
  0.51551551551551555       -4.0495453873057530     
  0.51651651651651653       -4.0479410629390751     
  0.51751751751751751       -4.0462407751620741     
  0.51851851851851849       -4.0444452983755781     
  0.51951951951951947       -4.0425554499955298     
  0.52052052052052056       -4.0405720900221960     
  0.52152152152152154       -4.0384961205866166     
  0.52252252252252251       -4.0363284854744883     
  0.52352352352352349       -4.0340701696276859     
  0.52452452452452447       -4.0317221986236262     
  0.52552552552552556       -4.0292856381326967     
  0.52652652652652654       -4.0267615933539602     
  0.52752752752752752       -4.0241512084294015     
  0.52852852852852850       -4.0214556658369283     
  0.52952952952952947       -4.0186761857624003     
  0.53053053053053056       -4.0158140254509487     
  0.53153153153153154       -4.0128704785378417     
  0.53253253253253252       -4.0098468743592059     
  0.53353353353353350       -4.0067445772428547     
  0.53453453453453459       -4.0035649857795539     
  0.53553553553553557       -4.0003095320750219     
  0.53653653653653655       -3.9969796809829492     
  0.53753753753753752       -3.9935769293194192     
  0.53853853853853850       -3.9901028050589948     
  0.53953953953953959       -3.9865588665128531     
  0.54054054054054057       -3.9829467014893023     
  0.54154154154154155       -3.9792679264370179     
  0.54254254254254253       -3.9755241855713850     
  0.54354354354354351       -3.9717171499842974     
  0.54454454454454460       -3.9678485167377922     
  0.54554554554554557       -3.9639200079418977     
  0.54654654654654655       -3.9599333698171049     
  0.54754754754754753       -3.9558903717418188     
  0.54854854854854851       -3.9517928052852365     
  0.54954954954954960       -3.9476424832260300     
  0.55055055055055058       -3.9434412385572579     
  0.55155155155155156       -3.9391909234779314     
  0.55255255255255253       -3.9348934083716518     
  0.55355355355355351       -3.9305505807727750     
  0.55455455455455460       -3.9261643443204979     
  0.55555555555555558       -3.9217366177013666     
  0.55655655655655656       -3.9172693335806144     
  0.55755755755755754       -3.9127644375227888     
  0.55855855855855852       -3.9082238869021566     
  0.55955955955955961       -3.9036496498033095     
  0.56056056056056058       -3.8990437039124730     
  0.56156156156156156       -3.8944080353999699     
  0.56256256256256254       -3.8897446377943323     
  0.56356356356356352       -3.8850555108485221     
  0.56456456456456461       -3.8803426593987793     
  0.56556556556556559       -3.8756080922165457     
  0.56656656656656657       -3.8708538208539882     
  0.56756756756756754       -3.8660818584836125     
  0.56856856856856852       -3.8612942187324442     
  0.56956956956956961       -3.8564929145113056     
  0.57057057057057059       -3.8516799568396851     
  0.57157157157157157       -3.8468573536667052     
  0.57257257257257255       -3.8420271086886730     
  0.57357357357357353       -3.8371912201637879     
  0.57457457457457461       -3.8323516797244492     
  0.57557557557557559       -3.8275104711877295     
  0.57657657657657657       -3.8226695693644968     
  0.57757757757757755       -3.8178309388677358     
  0.57857857857857853       -3.8129965329205522     
  0.57957957957957962       -3.8081682921644178     
  0.58058058058058060       -3.8033481434681380     
  0.58158158158158157       -3.7985379987381056     
  0.58258258258258255       -3.7937397537303155     
  0.58358358358358353       -3.7889552868647121     
  0.58458458458458462       -3.7841864580423503     
  0.58558558558558560       -3.7794351074659129     
  0.58658658658658658       -3.7747030544641071     
  0.58758758758758756       -3.7699920963204421     
  0.58858858858858853       -3.7653040071069337     
  0.58958958958958962       -3.7606405365232294     
  0.59059059059059060       -3.7560034087416945     
  0.59159159159159158       -3.7513943212589513     
  0.59259259259259256       -3.7468149437544023     
  0.59359359359359354       -3.7422669169562517     
  0.59459459459459463       -3.7377518515155184     
  0.59559559559559561       -3.7332713268885684     
  0.59659659659659658       -3.7288268902286541     
  0.59759759759759756       -3.7244200552869784     
  0.59859859859859865       -3.7200523013237672     
  0.59959959959959963       -3.7157250720298833     
  0.60060060060060061       -3.7114397744594063     
  0.60160160160160159       -3.7071977779737488     
  0.60260260260260257       -3.7030004131977448     
  0.60360360360360366       -3.6988489709881973     
  0.60460460460460463       -3.6947447014153889     
  0.60560560560560561       -3.6906888127579989     
  0.60660660660660659       -3.6866824705119261     
  0.60760760760760757       -3.6827267964134465     
  0.60860860860860866       -3.6788228674772192     
  0.60960960960960964       -3.6749717150495345     
  0.61061061061061062       -3.6711743238772980     
  0.61161161161161159       -3.6674316311931952     
  0.61261261261261257       -3.6637445258174388     
  0.61361361361361366       -3.6601138472765813     
  0.61461461461461464       -3.6565403849397882     
  0.61561561561561562       -3.6530248771730021     
  0.61661661661661660       -3.6495680105114170     
  0.61761761761761758       -3.6461704188506761     
  0.61861861861861867       -3.6428326826571857     
  0.61961961961961964       -3.6395553281979485     
  0.62062062062062062       -3.6363388267902996     
  0.62162162162162160       -3.6331835940719452     
  0.62262262262262258       -3.6300899892916472     
  0.62362362362362367       -3.6270583146209625     
  0.62462462462462465       -3.6240888144873651     
  0.62562562562562563       -3.6211816749291077     
  0.62662662662662660       -3.6183370229721956     
  0.62762762762762758       -3.6155549260297755     
  0.62862862862862867       -3.6128353913242806     
  0.62962962962962965       -3.6101783653326796     
  0.63063063063063063       -3.6075837332550833     
  0.63163163163163161       -3.6050513185070825     
  0.63263263263263259       -3.6025808822360554     
  0.63363363363363367       -3.6001721228617729     
  0.63463463463463465       -3.5978246756415473     
  0.63563563563563563       -3.5955381122602246     
  0.63663663663663661       -3.5933119404452571     
  0.63763763763763759       -3.5911456036071119     
  0.63863863863863868       -3.5890384805052777     
  0.63963963963963966       -3.5869898849400652     
  0.64064064064064064       -3.5849990654704658     
  0.64164164164164161       -3.5830652051582454     
  0.64264264264264259       -3.5811874213385044     
  0.64364364364364368       -3.5793647654168792     
  0.64464464464464466       -3.5775962226935882     
  0.64564564564564564       -3.5758807122144702     
  0.64664664664664662       -3.5742170866492100     
  0.64764764764764760       -3.5726041321968864     
  0.64864864864864868       -3.5710405685189830     
  0.64964964964964966       -3.5695250487000170     
  0.65065065065065064       -3.5680561592358866     
  0.65165165165165162       -3.5666324200500594     
  0.65265265265265260       -3.5652522845377161     
  0.65365365365365369       -3.5639141396379168     
  0.65465465465465467       -3.5626163059338967     
  0.65565565565565564       -3.5613570377815393     
  0.65665665665665662       -3.5601345234661181     
  0.65765765765765771       -3.5589468853873178     
  0.65865865865865869       -3.5577921802726085     
  0.65965965965965967       -3.5566683994189843     
  0.66066066066066065       -3.5555734689630869     
  0.66166166166166163       -3.5545052501797185     
  0.66266266266266272       -3.5534615398087523     
  0.66366366366366369       -3.5524400704104080     
  0.66466466466466467       -3.5514385107488797     
  0.66566566566566565       -3.5504544662042830     
  0.66666666666666663       -3.5494854792128487     
  0.66766766766766772       -3.5485290297353491     
  0.66866866866866870       -3.5475825357536417     
  0.66966966966966968       -3.5466433537952846     
  0.67067067067067065       -3.5457087794861128     
  0.67167167167167163       -3.5447760481306885     
  0.67267267267267272       -3.5438423353205017     
  0.67367367367367370       -3.5429047575698061     
  0.67467467467467468       -3.5419603729789495     
  0.67567567567567566       -3.5410061819250727     
  0.67667667667667664       -3.5400391277799859     
  0.67767767767767773       -3.5390560976551004     
  0.67867867867867870       -3.5380539231732144     
  0.67967967967967968       -3.5370293812669553     
  0.68068068068068066       -3.5359791950037192     
  0.68168168168168164       -3.5349000344368688     
  0.68268268268268273       -3.5337885174829675     
  0.68368368368368371       -3.5326412108248606     
  0.68468468468468469       -3.5314546308403210     
  0.68568568568568566       -3.5302252445560320     
  0.68668668668668664       -3.5289494706266504     
  0.68768768768768773       -3.5276236803386767     
  0.68868868868868871       -3.5262441986388513     
  0.68968968968968969       -3.5248073051867861     
  0.69069069069069067       -3.5233092354315518     
  0.69169169169169165       -3.5217461817118823     
  0.69269269269269274       -3.5201142943797095     
  0.69369369369369371       -3.5184096829466829     
  0.69469469469469469       -3.5166284172533349     
  0.69569569569569567       -3.5147665286605658     
  0.69669669669669665       -3.5128200112630790     
  0.69769769769769774       -3.5107848231243985     
  0.69869869869869872       -3.5086568875331099     
  0.69969969969969970       -3.5064320942799356     
  0.70070070070070067       -3.5041063009552538     
  0.70170170170170165       -3.5016753342666562     
  0.70270270270270274       -3.4991349913761733     
  0.70370370370370372       -3.4964810412566800     
  0.70470470470470470       -3.4937092260671392     
  0.70570570570570568       -3.4908152625461977     
  0.70670670670670666       -3.4877948434237105     
  0.70770770770770774       -3.4846436388497559     
  0.70870870870870872       -3.4813572978406695     
  0.70970970970970970       -3.4779314497416491     
  0.71071071071071068       -3.4743617057054528     
  0.71171171171171166       -3.4706436601867248     
  0.71271271271271275       -3.4667728924514436     
  0.71371371371371373       -3.4627449681010258     
  0.71471471471471471       -3.4585554406105858     
  0.71571571571571568       -3.4541998528808193     
  0.71671671671671666       -3.4496737388030532     
  0.71771771771771775       -3.4449726248368857     
  0.71871871871871873       -3.4400920315999559     
  0.71971971971971971       -3.4350274754692549     
  0.72072072072072069       -3.4297744701935100     
  0.72172172172172178       -3.4243285285160341     
  0.72272272272272275       -3.4186851638075582     
  0.72372372372372373       -3.4128398917084719     
  0.72472472472472471       -3.4067882317798950     
  0.72572572572572569       -3.4005257091630856     
  0.72672672672672678       -3.3940478562465413     
  0.72772772772772776       -3.3873502143403078     
  0.72872872872872874       -3.3804283353568501     
  0.72972972972972971       -3.3732777834979855     
  0.73073073073073069       -3.3658941369472184     
  0.73173173173173178       -3.3582729895669812     
  0.73273273273273276       -3.3504099526001170     
  0.73373373373373374       -3.3423006563750741     
  0.73473473473473472       -3.3339407520142066     
  0.73573573573573570       -3.3253259131445514     
  0.73673673673673679       -3.3164518376105430     
  0.73773773773773776       -3.3073142491880323     
  0.73873873873873874       -3.2979088992990198     
  0.73973973973973972       -3.2882315687264771     
  0.74074074074074070       -3.2782780693287195     
  0.74174174174174179       -3.2680442457526282     
  0.74274274274274277       -3.2575259771452076     
  0.74374374374374375       -3.2467191788628202     
  0.74474474474474472       -3.2356198041774813     
  0.74574574574574570       -3.2242238459796546     
  0.74674674674674679       -3.2125273384769049     
  0.74774774774774777       -3.2005263588877879     
  0.74874874874874875       -3.1882170291303997     
  0.74974974974974973       -3.1755955175049801     
  0.75075075075075071       -3.1626580403699047     
  0.75175175175175180       -3.1494008638105311     
  0.75275275275275277       -3.1358203053002844     
  0.75375375375375375       -3.1219127353532845     
  0.75475475475475473       -3.1076745791680436     
  0.75575575575575571       -3.0931023182615673     
  0.75675675675675680       -3.0781924920932187     
  0.75775775775775778       -3.0629416996778449     
  0.75875875875875876       -3.0473466011874932     
  0.75975975975975973       -3.0314039195411340     
  0.76076076076076071       -3.0151104419818422     
  0.76176176176176180       -2.9984630216408164     
  0.76276276276276278       -2.9814585790876449     
  0.76376376376376376       -2.9640941038662474     
  0.76476476476476474       -2.9463666560159503     
  0.76576576576576572       -2.9282733675770416     
  0.76676676676676681       -2.9098114440803124     
  0.76776776776776778       -2.8909781660200142     
  0.76876876876876876       -2.8717708903095733     
  0.76976976976976974       -2.8521870517196488     
  0.77077077077077072       -2.8322241642978980     
  0.77177177177177181       -2.8118798227698854     
  0.77277277277277279       -2.7911517039206690     
  0.77377377377377377       -2.7700375679564631     
  0.77477477477477474       -2.7485352598458537     
  0.77577577577577572       -2.7266427106400846     
  0.77677677677677681       -2.7043579387718690     
  0.77777777777777779       -2.6816790513321807     
  0.77877877877877877       -2.6586042453245660     
  0.77977977977977975       -2.6351318088964848     
  0.78078078078078073       -2.6112601225471157     
  0.78178178178178181       -2.5869876603112187     
  0.78278278278278279       -2.5623129909185702     
  0.78378378378378377       -2.5372347789283847     
  0.78478478478478475       -2.5117517858384337     
  0.78578578578578584       -2.4858628711682922     
  0.78678678678678682       -2.4595669935162690     
  0.78778778778778780       -2.4328632115896052     
  0.78878878878878878       -2.4057506852075417     
  0.78978978978978975       -2.3782286762767284     
  0.79079079079079084       -2.3502965497386663     
  0.79179179179179182       -2.3219537744887537     
  0.79279279279279280       -2.2931999242664238     
  0.79379379379379378       -2.2640346785161656     
  0.79479479479479476       -2.2344578232189347     
  0.79579579579579585       -2.2044692516935571     
  0.79679679679679682       -2.1740689653678791     
  0.79779779779779780       -2.1432570745191932     
  0.79879879879879878       -2.1120337989836524     
  0.79979979979979976       -2.0803994688343450     
  0.80080080080080085       -2.0483545250277007     
  0.80180180180180183       -2.0158995200178809     
  0.80280280280280281       -1.9830351183388715     
  0.80380380380380378       -1.9497620971540455     
  0.80480480480480476       -1.9160813467727724     
  0.80580580580580585       -1.8819938711339432     
  0.80680680680680683       -1.8475007882561127     
  0.80780780780780781       -1.8126033306538809     
  0.80880880880880879       -1.7773028457204911     
  0.80980980980980977       -1.7416007960762672     
  0.81081081081081086       -1.7054987598826594     
  0.81181181181181183       -1.6689984311218176     
  0.81281281281281281       -1.6321016198413627     
  0.81381381381381379       -1.5948102523642280     
  0.81481481481481477       -1.5571263714634167     
  0.81581581581581586       -1.5190521365014971     
  0.81681681681681684       -1.4805898235346469     
  0.81781781781781782       -1.4417418253811394     
  0.81881881881881879       -1.4025106516542030     
  0.81981981981981977       -1.3628989287589839     
  0.82082082082082086       -1.3229093998536963     
  0.82182182182182184       -1.2825449247747180     
  0.82282282282282282       -1.2418084799256015     
  0.82382382382382380       -1.2007031581299747     
  0.82482482482482478       -1.1592321684482343     
  0.82582582582582587       -1.1173988359579310     
  0.82682682682682684       -1.0752066014979587     
  0.82782782782782782       -1.0326590213763802     
  0.82882882882882880      -0.98975976704193736     
  0.82982982982982978      -0.94651262471931918     
  0.83083083083083087      -0.90292149500803875     
  0.83183183183183185      -0.85899039244514486     
  0.83283283283283283      -0.81472344503161342     
  0.83383383383383380      -0.77012489372265347     
  0.83483483483483478      -0.72519909188180998     
  0.83583583583583587      -0.67995050469911988     
  0.83683683683683685      -0.63438370857326598     
  0.83783783783783783      -0.58850339045787137     
  0.83883883883883881      -0.54231434717212867     
  0.83983983983983979      -0.49582148467573173     
  0.84084084084084088      -0.44902981730838321     
  0.84184184184184185      -0.40194446699398279     
  0.84284284284284283      -0.35457066240960944     
  0.84384384384384381      -0.30691373811950873     
  0.84484484484484490      -0.25897913367431913     
  0.84584584584584588      -0.21077239267563253     
  0.84684684684684686      -0.16229916180613169     
  0.84784784784784784      -0.11356518982561237     
  0.84884884884884881       -6.4576326532948425E-002
  0.84984984984984990       -1.5338521694404306E-002
  0.85085085085085088        3.4142176061523366E-002
  0.85185185185185186        8.3859620382490063E-002
  0.85285285285285284       0.13380756836362373     
  0.85385385385385382       0.18397968175140234     
  0.85485485485485491       0.23436952817998324     
  0.85585585585585588       0.28497058243944839     
  0.85685685685685686       0.33577622777582727     
  0.85785785785785784       0.38677975722249014     
  0.85885885885885882       0.43797437496253622     
  0.85985985985985991       0.48935319772187869     
  0.86086086086086089       0.54090925619264063     
  0.86186186186186187       0.59263549648653313     
  0.86286286286286284       0.64452478161769111     
  0.86386386386386382       0.69656989301477956     
  0.86486486486486491       0.74876353206178214     
  0.86586586586586589       0.80109832166710393     
  0.86686686686686687       0.85356680786071215     
  0.86786786786786785       0.90616146141861653     
  0.86886886886886883       0.95887467951444072     
  0.86986986986986992        1.0116987873976000     
  0.87087087087087089        1.0646260400975311     
  0.87187187187187187        1.1176486241536110     
  0.87287287287287285        1.1707586593702433     
  0.87387387387387383        1.2239482005965721     
  0.87487487487487492        1.2772092395303849     
  0.87587587587587590        1.3305337065456859     
  0.87687687687687688        1.3839134725434308     
  0.87787787787787785        1.4373403508248233     
  0.87887887887887883        1.4908060989867693     
  0.87987987987987992        1.5443024208388390     
  0.88088088088088090        1.5978209683411893     
  0.88188188188188188        1.6513533435630481     
  0.88288288288288286        1.7048911006609475     
  0.88388388388388384        1.7584257478763170     
  0.88488488488488493        1.8119487495518349     
  0.88588588588588590        1.8654515281658581     
  0.88688688688688688        1.9189254663844639     
  0.88788788788788786        1.9723619091304228     
  0.88888888888888884        2.0257521656685156     
  0.88988988988988993        2.0790875117065917     
  0.89089089089089091        2.1323591915117563     
  0.89189189189189189        2.1855584200410800     
  0.89289289289289286        2.2386763850861318     
  0.89389389389389384        2.2917042494308055     
  0.89489489489489493        2.3446331530217326     
  0.89589589589589591        2.3974542151506011     
  0.89689689689689689        2.4501585366479071     
  0.89789789789789787        2.5027372020872618     
  0.89889889889889885        2.5551812819997326     
  0.89989989989989994        2.6074818350975666     
  0.90090090090090091        2.6596299105065309     
  0.90190190190190189        2.7116165500063292     
  0.90290290290290287        2.7634327902783236     
  0.90390390390390385        2.8150696651599469     
  0.90490490490490494        2.8665182079050640     
  0.90590590590590592        2.9177694534496972     
  0.90690690690690690        2.9688144406823715     
  0.90790790790790787        3.0196442147183622     
  0.90890890890890896        3.0702498291772584     
  0.90990990990990994        3.1206223484630420     
  0.91091091091091092        3.1707528500460942     
  0.91191191191191190        3.2206324267463629     
  0.91291291291291288        3.2702521890170417     
  0.91391391391391397        3.3196032672280134     
  0.91491491491491495        3.3686768139484515     
  0.91591591591591592        3.4174640062278243     
  0.91691691691691690        3.4659560478745806     
  0.91791791791791788        3.5141441717319042     
  0.91891891891891897        3.5620196419497923     
  0.91991991991991995        3.6095737562527015     
  0.92092092092092093        3.6567978482022601     
  0.92192192192192191        3.7036832894541321     
  0.92292292292292288        3.7502214920084413     
  0.92392392392392397        3.7964039104531486     
  0.92492492492492495        3.8422220441994823     
  0.92592592592592593        3.8876674397089848     
  0.92692692692692691        3.9327316927112870     
  0.92792792792792789        3.9774064504120554     
  0.92892892892892898        4.0216834136903321     
  0.92992992992992995        4.0655543392847031     
  0.93093093093093093        4.1090110419675545     
  0.93193193193193191        4.1520453967066953     
  0.93293293293293289        4.1946493408138332     
  0.93393393393393398        4.2368148760790456     
  0.93493493493493496        4.2785340708907622     
  0.93593593593593594        4.3197990623404943     
  0.93693693693693691        4.3606020583117031     
  0.93793793793793789        4.4009353395521069     
  0.93893893893893898        4.4407912617289123     
  0.93993993993993996        4.4801622574661497     
  0.94094094094094094        4.5190408383636456     
  0.94194194194194192        4.5574195969969349     
  0.94294294294294290        4.5952912088974269     
  0.94394394394394399        4.6326484345123857     
  0.94494494494494496        4.6694841211438902     
  0.94594594594594594        4.7057912048664043     
  0.94694694694694692        4.7415627124221347     
  0.94794794794794790        4.7767917630937875     
  0.94894894894894899        4.8114715705539801     
  0.94994994994994997        4.8455954446908400     
  0.95095095095095095        4.8791567934091820     
  0.95195195195195192        4.9121491244066604     
  0.95295295295295290        4.9445660469244466     
  0.95395395395395399        4.9764012734717618     
  0.95495495495495497        5.0076486215238258     
  0.95595595595595595        5.0383020151926310     
  0.95695695695695693        5.0683554868700682     
  0.95795795795795791        5.0978031788428178     
  0.95895895895895900        5.1266393448785985     
  0.95995995995995997        5.1548583517831776     
  0.96096096096096095        5.1824546809277336     
  0.96196196196196193        5.2094229297460677     
  0.96296296296296291        5.2357578132011540     
  0.96396396396396400        5.2614541652206466     
  0.96496496496496498        5.2865069401008071     
  0.96596596596596596        5.3109112138785255     
  0.96696696696696693        5.3346621856708483     
  0.96796796796796791        5.3577551789817708     
  0.96896896896896900        5.3801856429757215     
  0.96996996996996998        5.4019491537174433     
  0.97097097097097096        5.4230414153778757     
  0.97197197197197194        5.4434582614055893     
  0.97297297297297303        5.4631956556634673     
  0.97397397397397401        5.4822496935302727     
  0.97497497497497498        5.5006166029667369     
  0.97597597597597596        5.5182927455458151     
  0.97697697697697694        5.5352746174468583     
  0.97797797797797803        5.5515588504132891     
  0.97897897897897901        5.5671422126735681     
  0.97997997997997999        5.5820216098251088     
  0.98098098098098097        5.5961940856808852     
  0.98198198198198194        5.6096568230784607     
  0.98298298298298303        5.6224071446511701     
  0.98398398398398401        5.6344425135612459     
  0.98498498498498499        5.6457605341946184     
  0.98598598598598597        5.6563589528172074     
  0.98698698698698695        5.6662356581924600     
  0.98798798798798804        5.6753886821599826     
  0.98898898898898902        5.6838162001750439     
  0.98998998998998999        5.6915165318088183     
  0.99099099099099097        5.6984881412091761     
  0.99199199199199195        5.7047296375219032     
  0.99299299299299304        5.7102397752721972     
  0.99399399399399402        5.7150174547063362     
  0.99499499499499500        5.7190617220934064     
  0.99599599599599598        5.7223717699869789     
  0.99699699699699695        5.7249469374466857     
  0.99799799799799804        5.7267867102195904     
  0.99899899899899902        5.7278907208813230     
   1.0000000000000000        5.7282587489369163     
