   0.0000000000000000        6.0402762387752142     
   1.0010010010010010E-003   6.0398019572961550     
   2.0020020020020020E-003   6.0383792669128740     
   3.0030030030030030E-003   6.0360086296973874     
   4.0040040040040040E-003   6.0326908154711640     
   5.0050050050050050E-003   6.0284269013574709     
   6.0060060060060060E-003   6.0232182711551721     
   7.0070070070070069E-003   6.0170666145346230     
   8.0080080080080079E-003   6.0099739260561362     
   9.0090090090090089E-003   6.0019425040119030     
   1.0010010010010010E-002   5.9929749490924857     
   1.1011011011011011E-002   5.9830741628787640     
   1.2012012012012012E-002   5.9722433461606927     
   1.3013013013013013E-002   5.9604859970843451     
   1.4014014014014014E-002   5.9478059091286370     
   1.5015015015015015E-002   5.9342071689134945     
   1.6016016016016016E-002   5.9196941538413315     
   1.7017017017017019E-002   5.9042715295736174     
   1.8018018018018018E-002   5.8879442473448860     
   1.9019019019019021E-002   5.8707175411161368     
   2.0020020020020020E-002   5.8525969245701832     
   2.1021021021021023E-002   5.8335881879513414     
   2.2022022022022022E-002   5.8136973947520607     
   2.3023023023023025E-002   5.7929308782492450     
   2.4024024024024024E-002   5.7712952378931286     
   2.5025025025025027E-002   5.7487973355516369     
   2.6026026026026026E-002   5.7254442916133224     
   2.7027027027027029E-002   5.7012434809520594     
   2.8028028028028028E-002   5.6762025287568063     
   2.9029029029029031E-002   5.6503293062298630     
   3.0030030030030030E-002   5.6236319261569863     
   3.1031031031031032E-002   5.5961187383531863     
   3.2032032032032032E-002   5.5677983249876659     
   3.3033033033033031E-002   5.5386794957918228     
   3.4034034034034037E-002   5.5087712831541582     
   3.5035035035035036E-002   5.4780829371059285     
   3.6036036036036036E-002   5.4466239202017457     
   3.7037037037037035E-002   5.4144039022990489     
   3.8038038038038041E-002   5.3814327552407315     
   3.9039039039039040E-002   5.3477205474450455     
   4.0040040040040040E-002   5.3132775384071982     
   4.1041041041041039E-002   5.2781141731168644     
   4.2042042042042045E-002   5.2422410763960707     
   4.3043043043043044E-002   5.2056690471619076     
   4.4044044044044044E-002   5.1684090526185331     
   4.5045045045045043E-002   5.1304722223829442     
   4.6046046046046049E-002   5.0918698425491966     
   4.7047047047047048E-002   5.0526133496955632     
   4.8048048048048048E-002   5.0127143248392203     
   4.9049049049049047E-002   4.9721844873432000     
   5.0050050050050053E-002   4.9310356887801783     
   5.1051051051051052E-002   4.8892799067577508     
   5.2052052052052052E-002   4.8469292387099090     
   5.3053053053053051E-002   4.8039958956593454     
   5.4054054054054057E-002   4.7604921959552629     
   5.5055055055055056E-002   4.7164305589913313     
   5.6056056056056056E-002   4.6718234989084690     
   5.7057057057057055E-002   4.6266836182870028     
   5.8058058058058061E-002   4.5810236018329134     
   5.9059059059059060E-002   4.5348562100626610     
   6.0060060060060060E-002   4.4881942729911435     
   6.1061061061061059E-002   4.4410506838274051     
   6.2062062062062065E-002   4.3934383926824241     
   6.3063063063063057E-002   4.3453704002935440     
   6.4064064064064064E-002   4.2968597517698273     
   6.5065065065065070E-002   4.2479195303627728     
   6.6066066066066062E-002   4.1985628512666251     
   6.7067067067067068E-002   4.1488028554524865     
   6.8068068068068074E-002   4.0986527035404121     
   6.9069069069069067E-002   4.0481255697136325     
   7.0070070070070073E-002   3.9972346356788231     
   7.1071071071071065E-002   3.9459930846765046     
   7.2072072072072071E-002   3.8944140955453479     
   7.3073073073073078E-002   3.8425108368442045     
   7.4074074074074070E-002   3.7902964610356618     
   7.5075075075075076E-002   3.7377840987345960     
   7.6076076076076082E-002   3.6849868530254497     
   7.7077077077077075E-002   3.6319177938514748     
   7.8078078078078081E-002   3.5785899524795290     
   7.9079079079079073E-002   3.5250163160434624     
   8.0080080080080079E-002   3.4712098221694117     
   8.1081081081081086E-002   3.4171833536859584     
   8.2082082082082078E-002   3.3629497334221989     
   8.3083083083083084E-002   3.3085217190964542     
   8.4084084084084090E-002   3.2539119982984879     
   8.5085085085085083E-002   3.1991331835677581     
   8.6086086086086089E-002   3.1441978075702819     
   8.7087087087087081E-002   3.0891183183764985     
   8.8088088088088087E-002   3.0339070748424195     
   8.9089089089089094E-002   2.9785763420962788     
   9.0090090090090086E-002   2.9231382871326748     
   9.1091091091091092E-002   2.8676049745162189     
   9.2092092092092098E-002   2.8119883621964963     
   9.3093093093093091E-002   2.7563002974360202     
   9.4094094094094097E-002   2.7005525128527914     
   9.5095095095095089E-002   2.6447566225789636     
   9.6096096096096095E-002   2.5889241185369043     
   9.7097097097097101E-002   2.5330663668339151     
   9.8098098098098094E-002   2.4771946042767716     
   9.9099099099099100E-002   2.4213199350069665     
  0.10010010010010011        2.3654533272576428     
  0.10110110110110110        2.3096056102329285     
  0.10210210210210210        2.2537874711102868     
  0.10310310310310310        2.1980094521664624     
  0.10410410410410410        2.1422819480273958     
  0.10510510510510511        2.0866152030424194     
  0.10610610610610610        2.0310193087828843     
  0.10710710710710711        1.9755042016653448     
  0.10810810810810811        1.9200796606991934     
  0.10910910910910911        1.8647553053586510     
  0.11011011011011011        1.8095405935788111     
  0.11111111111111110        1.7544448198754283     
  0.11211211211211211        1.6994771135879088     
  0.11311311311311312        1.6446464372450045     
  0.11411411411411411        1.5899615850525235     
  0.11511511511511512        1.5354311815022399     
  0.11611611611611612        1.4810636801012267     
  0.11711711711711711        1.4268673622205963     
  0.11811811811811812        1.3728503360626112     
  0.11911911911911911        1.3190205357450626     
  0.12012012012012012        1.2653857205016488     
  0.12112112112112113        1.2119534739971058     
  0.12212212212212212        1.1587312037556732     
  0.12312312312312312        1.1057261407014156     
  0.12412412412412413        1.0529453388089376     
  0.12512512512512514        1.0003956748628111     
  0.12612612612612611       0.94808384832406212     
  0.12712712712712712       0.89601638130200012     
  0.12812812812812813       0.84419961862955706     
  0.12912912912912913       0.79263972804027194     
  0.13013013013013014       0.74134270044500461     
  0.13113113113113112       0.69031435030641752     
  0.13213213213213212       0.63956031610914987     
  0.13313313313313313       0.58908606092366522     
  0.13413413413413414       0.53889687306161704     
  0.13513513513513514       0.48899786682055968     
  0.13613613613613615       0.43939398331582780     
  0.13713713713713713       0.39008999139735501     
  0.13813813813813813       0.34109048864908598     
  0.13913913913913914       0.29239990246879444     
  0.14014014014014015       0.24402249122587616     
  0.14114114114114115       0.19596234549482716     
  0.14214214214214213       0.14822338936200463     
  0.14314314314314314       0.10080938180327781     
  0.14414414414414414        5.3723918130200943E-002
  0.14514514514514515        6.9704315022258712E-003
  0.14614614614614616       -3.9447805497412780E-002
  0.14714714714714713       -8.5527679224629338E-002
  0.14814814814814814      -0.13126623327862319     
  0.14914914914914915      -0.17666066674969905     
  0.15015015015015015      -0.22170833241319077     
  0.15115115115115116      -0.26640673487193922     
  0.15215215215215216      -0.31075352864973427     
  0.15315315315315314      -0.35474651623815312     
  0.15415415415415415      -0.39838364609922161     
  0.15515515515515516      -0.44166301062624580     
  0.15615615615615616      -0.48458284406524843     
  0.15715715715715717      -0.52714152039934437     
  0.15815815815815815      -0.56933755119839491     
  0.15915915915915915      -0.61116958343629024     
  0.16016016016016016      -0.65263639727810396     
  0.16116116116116116      -0.69373690383946096     
  0.16216216216216217      -0.73447014292029333     
  0.16316316316316315      -0.77483528071525054     
  0.16416416416416416      -0.81483160750292694     
  0.16516516516516516      -0.85445853531603122     
  0.16616616616616617      -0.89371559559468183     
  0.16716716716716717      -0.93260243682483424     
  0.16816816816816818      -0.97111882216393353     
  0.16916916916916916       -1.0092646270557850     
  0.17017017017017017       -1.0470398368366105     
  0.17117117117117117       -1.0844445443342017     
  0.17217217217217218       -1.1214789474620894     
  0.17317317317317318       -1.1581433468105460     
  0.17417417417417416       -1.1944381432362174     
  0.17517517517517517       -1.2303638354521751     
  0.17617617617617617       -1.2659210176200526     
  0.17717717717717718       -1.3011103769459651     
  0.17817817817817819       -1.3359326912818288     
  0.17917917917917917       -1.3703888267336435     
  0.18018018018018017       -1.4044797352782625     
  0.18118118118118118       -1.4382064523901543     
  0.18218218218218218       -1.4715700946795502     
  0.18318318318318319       -1.5045718575434077     
  0.18418418418418420       -1.5372130128304766     
  0.18518518518518517       -1.5694949065218018     
  0.18618618618618618       -1.6014189564278754     
  0.18718718718718719       -1.6329866499036352     
  0.18818818818818819       -1.6641995415824660     
  0.18918918918918920       -1.6950592511302944     
  0.19019019019019018       -1.7255674610208143     
  0.19119119119119118       -1.7557259143328685     
  0.19219219219219219       -1.7855364125709210     
  0.19319319319319320       -1.8150008135095494     
  0.19419419419419420       -1.8441210290627854     
  0.19519519519519518       -1.8728990231791722     
  0.19619619619619619       -1.9013368097632610     
  0.19719719719719719       -1.9294364506242894     
  0.19819819819819820       -1.9572000534527429     
  0.19919919919919921       -1.9846297698254141     
  0.20020020020020021       -2.0117277932395576     
  0.20120120120120119       -2.0384963571767138     
  0.20220220220220220       -2.0649377331966936     
  0.20320320320320320       -2.0910542290621921     
  0.20420420420420421       -2.1168481868944893     
  0.20520520520520522       -2.1423219813606003     
  0.20620620620620619       -2.1674780178922362     
  0.20720720720720720       -2.1923187309369125     
  0.20820820820820821       -2.2168465822414380     
  0.20920920920920921       -2.2410640591680817     
  0.21021021021021022       -2.2649736730435803     
  0.21121121121121122       -2.2885779575411829     
  0.21221221221221220       -2.3118794670958684     
  0.21321321321321321       -2.3348807753528469     
  0.21421421421421422       -2.3575844736494034     
  0.21521521521521522       -2.3799931695301595     
  0.21621621621621623       -2.4021094852957470     
  0.21721721721721721       -2.4239360565848802     
  0.21821821821821821       -2.4454755309898148     
  0.21921921921921922       -2.4667305667050812     
  0.22022022022022023       -2.4877038312094464     
  0.22122122122122123       -2.5083979999809567     
  0.22222222222222221       -2.5288157552449313     
  0.22322322322322322       -2.5489597847547434     
  0.22422422422422422       -2.5688327806052005     
  0.22522522522522523       -2.5884374380783188     
  0.22622622622622623       -2.6077764545212618     
  0.22722722722722724       -2.6268525282562036     
  0.22822822822822822       -2.6456683575218425     
  0.22922922922922923       -2.6642266394462935     
  0.23023023023023023       -2.6825300690510545     
  0.23123123123123124       -2.7005813382857324     
  0.23223223223223224       -2.7183831350932031     
  0.23323323323323322       -2.7359381425048666     
  0.23423423423423423       -2.7532490377656282     
  0.23523523523523523       -2.7703184914882510     
  0.23623623623623624       -2.7871491668366923     
  0.23723723723723725       -2.8037437187380396     
  0.23823823823823823       -2.8201047931226366     
  0.23923923923923923       -2.8362350261920057     
  0.24024024024024024       -2.8521370437141229     
  0.24124124124124124       -2.8678134603456531     
  0.24224224224224225       -2.8832668789806819     
  0.24324324324324326       -2.8984998901255254     
  0.24424424424424424       -2.9135150712991624     
  0.24524524524524524       -2.9283149864588469     
  0.24624624624624625       -2.9429021854504356     
  0.24724724724724725       -2.9572792034829858     
  0.24824824824824826       -2.9714485606271532     
  0.24924924924924924       -2.9854127613369270     
  0.25025025025025027       -2.9991742939942387     
  0.25125125125125125       -3.0127356304759738     
  0.25225225225225223       -3.0260992257429211     
  0.25325325325325326       -3.0392675174501882     
  0.25425425425425424       -3.0522429255786090     
  0.25525525525525528       -3.0650278520866863     
  0.25625625625625625       -3.0776246805825873     
  0.25725725725725723       -3.0900357760157355     
  0.25825825825825827       -3.1022634843875254     
  0.25925925925925924       -3.1143101324806990     
  0.26026026026026028       -3.1261780276069322     
  0.26126126126126126       -3.1378694573721506     
  0.26226226226226224       -3.1493866894591465     
  0.26326326326326327       -3.1607319714270190     
  0.26426426426426425       -3.1719075305270072     
  0.26526526526526528       -3.1829155735342676     
  0.26626626626626626       -3.1937582865951422     
  0.26726726726726729       -3.2044378350895029     
  0.26826826826826827       -3.2149563635077225     
  0.26926926926926925       -3.2253159953418589     
  0.27027027027027029       -3.2355188329906173     
  0.27127127127127126       -3.2455669576776875     
  0.27227227227227230       -3.2554624293830381     
  0.27327327327327328       -3.2652072867867652     
  0.27427427427427425       -3.2748035472250918     
  0.27527527527527529       -3.2842532066581338     
  0.27627627627627627       -3.2935582396490295     
  0.27727727727727730       -3.3027205993540742     
  0.27827827827827828       -3.3117422175234550     
  0.27927927927927926       -3.3206250045122490     
  0.28028028028028029       -3.3293708493012941     
  0.28128128128128127       -3.3379816195275946     
  0.28228228228228230       -3.3464591615239105     
  0.28328328328328328       -3.3548053003671701     
  0.28428428428428426       -3.3630218399353975     
  0.28528528528528529       -3.3711105629728029     
  0.28628628628628627       -3.3790732311627196     
  0.28728728728728731       -3.3869115852080758     
  0.28828828828828829       -3.3946273449190838     
  0.28928928928928926       -3.4022222093078520     
  0.29029029029029030       -3.4096978566896130     
  0.29129129129129128       -3.4170559447902846     
  0.29229229229229231       -3.4242981108600854     
  0.29329329329329329       -3.4314259717929114     
  0.29429429429429427       -3.4384411242512236     
  0.29529529529529530       -3.4453451447961694     
  0.29629629629629628       -3.4521395900226830     
  0.29729729729729731       -3.4588259966993204     
  0.29829829829829829       -3.4654058819125737     
  0.29929929929929933       -3.4718807432154408     
  0.30030030030030030       -3.4782520587799977     
  0.30130130130130128       -3.4845212875537745     
  0.30230230230230232       -3.4906898694196888     
  0.30330330330330330       -3.4967592253593396     
  0.30430430430430433       -3.5027307576194500     
  0.30530530530530531       -3.5086058498812491     
  0.30630630630630629       -3.5143858674326109     
  0.30730730730730732       -3.5200721573427445     
  0.30830830830830830       -3.5256660486392581     
  0.30930930930930933       -3.5311688524874207     
  0.31031031031031031       -3.5365818623714347     
  0.31131131131131129       -3.5419063542775655     
  0.31231231231231232       -3.5471435868789514     
  0.31331331331331330       -3.5522948017219407     
  0.31431431431431434       -3.5573612234138055     
  0.31531531531531531       -3.5623440598116720     
  0.31631631631631629       -3.5672445022125356     
  0.31731731731731733       -3.5720637255442163     
  0.31831831831831831       -3.5768028885571121     
  0.31931931931931934       -3.5814631340166350     
  0.32032032032032032       -3.5860455888961869     
  0.32132132132132130       -3.5905513645705707     
  0.32232232232232233       -3.5949815570096990     
  0.32332332332332331       -3.5993372469725062     
  0.32432432432432434       -3.6036195002009421     
  0.32532532532532532       -3.6078293676139421     
  0.32632632632632630       -3.6119678855012802     
  0.32732732732732733       -3.6160360757171950     
  0.32832832832832831       -3.6200349458737020     
  0.32932932932932935       -3.6239654895334983     
  0.33033033033033032       -3.6278286864023719     
  0.33133133133133136       -3.6316255025210276     
  0.33233233233233234       -3.6353568904562557     
  0.33333333333333331       -3.6390237894913580     
  0.33433433433433435       -3.6426271258157570     
  0.33533533533533533       -3.6461678127137174     
  0.33633633633633636       -3.6496467507521144     
  0.33733733733733734       -3.6530648279671682     
  0.33833833833833832       -3.6564229200500979     
  0.33933933933933935       -3.6597218905316202     
  0.34034034034034033       -3.6629625909652379     
  0.34134134134134136       -3.6661458611092668     
  0.34234234234234234       -3.6692725291075323     
  0.34334334334334332       -3.6723434116687024     
  0.34434434434434436       -3.6753593142441909     
  0.34534534534534533       -3.6783210312045913     
  0.34634634634634637       -3.6812293460145940     
  0.34734734734734735       -3.6840850314063420     
  0.34834834834834832       -3.6868888495511842     
  0.34934934934934936       -3.6896415522297836     
  0.35035035035035034       -3.6923438810005460     
  0.35135135135135137       -3.6949965673663314     
  0.35235235235235235       -3.6976003329394094     
  0.35335335335335333       -3.7001558896046287     
  0.35435435435435436       -3.7026639396807708     
  0.35535535535535534       -3.7051251760800508     
  0.35635635635635637       -3.7075402824657449     
  0.35735735735735735       -3.7099099334079071     
  0.35835835835835833       -3.7122347945371597     
  0.35935935935935936       -3.7145155226965239     
  0.36036036036036034       -3.7167527660912705     
  0.36136136136136138       -3.7189471644367695     
  0.36236236236236236       -3.7210993491043141     
  0.36336336336336339       -3.7232099432648988     
  0.36436436436436437       -3.7252795620309396     
  0.36536536536536535       -3.7273088125959060     
  0.36636636636636638       -3.7292982943718584     
  0.36736736736736736       -3.7312485991248705     
  0.36836836836836839       -3.7331603111083198     
  0.36936936936936937       -3.7350340071940362     
  0.37037037037037035       -3.7368702570012955     
  0.37137137137137138       -3.7386696230236338     
  0.37237237237237236       -3.7404326607534943     
  0.37337337337337340       -3.7421599188046724     
  0.37437437437437437       -3.7438519390325613     
  0.37537537537537535       -3.7455092566521868     
  0.37637637637637639       -3.7471324003540278     
  0.37737737737737737       -3.7487218924175991     
  0.37837837837837840       -3.7502782488228132     
  0.37937937937937938       -3.7518019793590933     
  0.38038038038038036       -3.7532935877322458     
  0.38138138138138139       -3.7547535716690827     
  0.38238238238238237       -3.7561824230197911     
  0.38338338338338340       -3.7575806278580437     
  0.38438438438438438       -3.7589486665788545     
  0.38538538538538536       -3.7602870139941720     
  0.38638638638638639       -3.7615961394262083     
  0.38738738738738737       -3.7628765067985119     
  0.38838838838838841       -3.7641285747247735     
  0.38938938938938938       -3.7653527965953737     
  0.39039039039039036       -3.7665496206616731     
  0.39139139139139140       -3.7677194901180431     
  0.39239239239239238       -3.7688628431816462     
  0.39339339339339341       -3.7699801131699653     
  0.39439439439439439       -3.7710717285760902     
  0.39539539539539542       -3.7721381131417626     
  0.39639639639639640       -3.7731796859281879     
  0.39739739739739738       -3.7741968613846244     
  0.39839839839839841       -3.7751900494147468     
  0.39939939939939939       -3.7761596554408041     
  0.40040040040040042       -3.7771060804655736     
  0.40140140140140140       -3.7780297211321234     
  0.40240240240240238       -3.7789309697813911     
  0.40340340340340342       -3.7798102145075969     
  0.40440440440440439       -3.7806678392114939     
  0.40540540540540543       -3.7815042236514733     
  0.40640640640640641       -3.7823197434925429     
  0.40740740740740738       -3.7831147703531807     
  0.40840840840840842       -3.7838896718500941     
  0.40940940940940940       -3.7846448116408862     
  0.41041041041041043       -3.7853805494646595     
  0.41141141141141141       -3.7860972411805642     
  0.41241241241241239       -3.7867952388043147     
  0.41341341341341342       -3.7874748905426956     
  0.41441441441441440       -3.7881365408260703     
  0.41541541541541543       -3.7887805303389235     
  0.41641641641641641       -3.7894071960484488     
  0.41741741741741739       -3.7900168712312139     
  0.41841841841841843       -3.7906098854979207     
  0.41941941941941940       -3.7911865648162881     
  0.42042042042042044       -3.7917472315320815     
  0.42142142142142142       -3.7922922043883158     
  0.42242242242242245       -3.7928217985426627     
  0.42342342342342343       -3.7933363255830819     
  0.42442442442442441       -3.7938360935417141     
  0.42542542542542544       -3.7943214069070619     
  0.42642642642642642       -3.7947925666344893     
  0.42742742742742745       -3.7952498701550690     
  0.42842842842842843       -3.7956936113828181     
  0.42942942942942941       -3.7961240807203449     
  0.43043043043043044       -3.7965415650629488     
  0.43143143143143142       -3.7969463478012035     
  0.43243243243243246       -3.7973387088220649     
  0.43343343343343343       -3.7977189245085317     
  0.43443443443443441       -3.7980872677379027     
  0.43543543543543545       -3.7984440078786701     
  0.43643643643643643       -3.7987894107860796     
  0.43743743743743746       -3.7991237387964025     
  0.43843843843843844       -3.7994472507199628     
  0.43943943943943942       -3.7997602018329530     
  0.44044044044044045       -3.8000628438680844     
  0.44144144144144143       -3.8003554250041121     
  0.44244244244244246       -3.8006381898542814     
  0.44344344344344344       -3.8009113794537339     
  0.44444444444444442       -3.8011752312459208     
  0.44544544544544545       -3.8014299790680615     
  0.44644644644644643       -3.8016758531357060     
  0.44744744744744747       -3.8019130800264267     
  0.44844844844844844       -3.8021418826627040     
  0.44944944944944942       -3.8023624802940410     
  0.45045045045045046       -3.8025750884783531     
  0.45145145145145144       -3.8027799190626870     
  0.45245245245245247       -3.8029771801633085     
  0.45345345345345345       -3.8031670761452077     
  0.45445445445445448       -3.8033498076010730     
  0.45545545545545546       -3.8035255713297755     
  0.45645645645645644       -3.8036945603144141     
  0.45745745745745747       -3.8038569636999697     
  0.45845845845845845       -3.8040129667706126     
  0.45945945945945948       -3.8041627509267144     
  0.46046046046046046       -3.8043064936616071     
  0.46146146146146144       -3.8044443685381415     
  0.46246246246246248       -3.8045765451650873     
  0.46346346346346345       -3.8047031891734227     
  0.46446446446446449       -3.8048244621925642     
  0.46546546546546547       -3.8049405218265715     
  0.46646646646646645       -3.8050515216303875     
  0.46746746746746748       -3.8051576110861438     
  0.46846846846846846       -3.8052589355795905     
  0.46946946946946949       -3.8053556363766785     
  0.47047047047047047       -3.8054478506003537     
  0.47147147147147145       -3.8055357112075918     
  0.47247247247247248       -3.8056193469667243     
  0.47347347347347346       -3.8056988824350952     
  0.47447447447447449       -3.8057744379370826     
  0.47547547547547547       -3.8058461295425365     
  0.47647647647647645       -3.8059140690456559     
  0.47747747747747749       -3.8059783639443592     
  0.47847847847847846       -3.8060391174201689     
  0.47947947947947950       -3.8060964283186580     
  0.48048048048048048       -3.8061503911304859     
  0.48148148148148145       -3.8062010959730577     
  0.48248248248248249       -3.8062486285728392     
  0.48348348348348347       -3.8062930702483637     
  0.48448448448448450       -3.8063344978939488     
  0.48548548548548548       -3.8063729839641613     
  0.48648648648648651       -3.8064085964590513     
  0.48748748748748749       -3.8064413989101857     
  0.48848848848848847       -3.8064714503675008     
  0.48948948948948950       -3.8064988053869961     
  0.49049049049049048       -3.8065235140192963     
  0.49149149149149152       -3.8065456217990921     
  0.49249249249249250       -3.8065651697354888     
  0.49349349349349347       -3.8065821943032661     
  0.49449449449449451       -3.8065967274350765     
  0.49549549549549549       -3.8066087965145878     
  0.49649649649649652       -3.8066184243705830     
  0.49749749749749750       -3.8066256292720273     
  0.49849849849849848       -3.8066304249241165     
  0.49949949949949951       -3.8066328204653002     
  0.50050050050050054       -3.8066328204653002     
  0.50150150150150152       -3.8066304249241165     
  0.50250250250250250       -3.8066256292720273     
  0.50350350350350348       -3.8066184243705830     
  0.50450450450450446       -3.8066087965145878     
  0.50550550550550555       -3.8065967274350765     
  0.50650650650650653       -3.8065821943032661     
  0.50750750750750750       -3.8065651697354888     
  0.50850850850850848       -3.8065456217990921     
  0.50950950950950946       -3.8065235140192963     
  0.51051051051051055       -3.8064988053869961     
  0.51151151151151153       -3.8064714503675008     
  0.51251251251251251       -3.8064413989101857     
  0.51351351351351349       -3.8064085964590513     
  0.51451451451451446       -3.8063729839641609     
  0.51551551551551555       -3.8063344978939488     
  0.51651651651651653       -3.8062930702483637     
  0.51751751751751751       -3.8062486285728392     
  0.51851851851851849       -3.8062010959730572     
  0.51951951951951947       -3.8061503911304859     
  0.52052052052052056       -3.8060964283186580     
  0.52152152152152154       -3.8060391174201689     
  0.52252252252252251       -3.8059783639443592     
  0.52352352352352349       -3.8059140690456559     
  0.52452452452452447       -3.8058461295425365     
  0.52552552552552556       -3.8057744379370826     
  0.52652652652652654       -3.8056988824350952     
  0.52752752752752752       -3.8056193469667243     
  0.52852852852852850       -3.8055357112075918     
  0.52952952952952947       -3.8054478506003537     
  0.53053053053053056       -3.8053556363766790     
  0.53153153153153154       -3.8052589355795905     
  0.53253253253253252       -3.8051576110861438     
  0.53353353353353350       -3.8050515216303875     
  0.53453453453453459       -3.8049405218265715     
  0.53553553553553557       -3.8048244621925642     
  0.53653653653653655       -3.8047031891734227     
  0.53753753753753752       -3.8045765451650868     
  0.53853853853853850       -3.8044443685381415     
  0.53953953953953959       -3.8043064936616071     
  0.54054054054054057       -3.8041627509267144     
  0.54154154154154155       -3.8040129667706126     
  0.54254254254254253       -3.8038569636999697     
  0.54354354354354351       -3.8036945603144141     
  0.54454454454454460       -3.8035255713297755     
  0.54554554554554557       -3.8033498076010730     
  0.54654654654654655       -3.8031670761452077     
  0.54754754754754753       -3.8029771801633085     
  0.54854854854854851       -3.8027799190626874     
  0.54954954954954960       -3.8025750884783531     
  0.55055055055055058       -3.8023624802940410     
  0.55155155155155156       -3.8021418826627040     
  0.55255255255255253       -3.8019130800264267     
  0.55355355355355351       -3.8016758531357060     
  0.55455455455455460       -3.8014299790680619     
  0.55555555555555558       -3.8011752312459204     
  0.55655655655655656       -3.8009113794537339     
  0.55755755755755754       -3.8006381898542814     
  0.55855855855855852       -3.8003554250041116     
  0.55955955955955961       -3.8000628438680844     
  0.56056056056056058       -3.7997602018329530     
  0.56156156156156156       -3.7994472507199628     
  0.56256256256256254       -3.7991237387964025     
  0.56356356356356352       -3.7987894107860791     
  0.56456456456456461       -3.7984440078786705     
  0.56556556556556559       -3.7980872677379027     
  0.56656656656656657       -3.7977189245085317     
  0.56756756756756754       -3.7973387088220649     
  0.56856856856856852       -3.7969463478012035     
  0.56956956956956961       -3.7965415650629488     
  0.57057057057057059       -3.7961240807203449     
  0.57157157157157157       -3.7956936113828186     
  0.57257257257257255       -3.7952498701550690     
  0.57357357357357353       -3.7947925666344893     
  0.57457457457457461       -3.7943214069070619     
  0.57557557557557559       -3.7938360935417141     
  0.57657657657657657       -3.7933363255830819     
  0.57757757757757755       -3.7928217985426627     
  0.57857857857857853       -3.7922922043883158     
  0.57957957957957962       -3.7917472315320815     
  0.58058058058058060       -3.7911865648162881     
  0.58158158158158157       -3.7906098854979207     
  0.58258258258258255       -3.7900168712312139     
  0.58358358358358353       -3.7894071960484488     
  0.58458458458458462       -3.7887805303389235     
  0.58558558558558560       -3.7881365408260703     
  0.58658658658658658       -3.7874748905426956     
  0.58758758758758756       -3.7867952388043147     
  0.58858858858858853       -3.7860972411805642     
  0.58958958958958962       -3.7853805494646595     
  0.59059059059059060       -3.7846448116408862     
  0.59159159159159158       -3.7838896718500941     
  0.59259259259259256       -3.7831147703531811     
  0.59359359359359354       -3.7823197434925429     
  0.59459459459459463       -3.7815042236514733     
  0.59559559559559561       -3.7806678392114939     
  0.59659659659659658       -3.7798102145075969     
  0.59759759759759756       -3.7789309697813911     
  0.59859859859859865       -3.7780297211321230     
  0.59959959959959963       -3.7771060804655736     
  0.60060060060060061       -3.7761596554408041     
  0.60160160160160159       -3.7751900494147472     
  0.60260260260260257       -3.7741968613846244     
  0.60360360360360366       -3.7731796859281879     
  0.60460460460460463       -3.7721381131417626     
  0.60560560560560561       -3.7710717285760902     
  0.60660660660660659       -3.7699801131699653     
  0.60760760760760757       -3.7688628431816462     
  0.60860860860860866       -3.7677194901180431     
  0.60960960960960964       -3.7665496206616731     
  0.61061061061061062       -3.7653527965953737     
  0.61161161161161159       -3.7641285747247735     
  0.61261261261261257       -3.7628765067985119     
  0.61361361361361366       -3.7615961394262083     
  0.61461461461461464       -3.7602870139941720     
  0.61561561561561562       -3.7589486665788545     
  0.61661661661661660       -3.7575806278580437     
  0.61761761761761758       -3.7561824230197911     
  0.61861861861861867       -3.7547535716690827     
  0.61961961961961964       -3.7532935877322458     
  0.62062062062062062       -3.7518019793590933     
  0.62162162162162160       -3.7502782488228132     
  0.62262262262262258       -3.7487218924175991     
  0.62362362362362367       -3.7471324003540278     
  0.62462462462462465       -3.7455092566521868     
  0.62562562562562563       -3.7438519390325613     
  0.62662662662662660       -3.7421599188046724     
  0.62762762762762758       -3.7404326607534948     
  0.62862862862862867       -3.7386696230236338     
  0.62962962962962965       -3.7368702570012955     
  0.63063063063063063       -3.7350340071940367     
  0.63163163163163161       -3.7331603111083194     
  0.63263263263263259       -3.7312485991248705     
  0.63363363363363367       -3.7292982943718584     
  0.63463463463463465       -3.7273088125959060     
  0.63563563563563563       -3.7252795620309396     
  0.63663663663663661       -3.7232099432648988     
  0.63763763763763759       -3.7210993491043141     
  0.63863863863863868       -3.7189471644367695     
  0.63963963963963966       -3.7167527660912705     
  0.64064064064064064       -3.7145155226965239     
  0.64164164164164161       -3.7122347945371597     
  0.64264264264264259       -3.7099099334079071     
  0.64364364364364368       -3.7075402824657449     
  0.64464464464464466       -3.7051251760800508     
  0.64564564564564564       -3.7026639396807708     
  0.64664664664664662       -3.7001558896046287     
  0.64764764764764760       -3.6976003329394094     
  0.64864864864864868       -3.6949965673663314     
  0.64964964964964966       -3.6923438810005464     
  0.65065065065065064       -3.6896415522297836     
  0.65165165165165162       -3.6868888495511847     
  0.65265265265265260       -3.6840850314063429     
  0.65365365365365369       -3.6812293460145940     
  0.65465465465465467       -3.6783210312045913     
  0.65565565565565564       -3.6753593142441909     
  0.65665665665665662       -3.6723434116687024     
  0.65765765765765771       -3.6692725291075323     
  0.65865865865865869       -3.6661458611092668     
  0.65965965965965967       -3.6629625909652379     
  0.66066066066066065       -3.6597218905316202     
  0.66166166166166163       -3.6564229200500984     
  0.66266266266266272       -3.6530648279671682     
  0.66366366366366369       -3.6496467507521144     
  0.66466466466466467       -3.6461678127137178     
  0.66566566566566565       -3.6426271258157570     
  0.66666666666666663       -3.6390237894913584     
  0.66766766766766772       -3.6353568904562557     
  0.66866866866866870       -3.6316255025210271     
  0.66966966966966968       -3.6278286864023719     
  0.67067067067067065       -3.6239654895334987     
  0.67167167167167163       -3.6200349458737020     
  0.67267267267267272       -3.6160360757171950     
  0.67367367367367370       -3.6119678855012802     
  0.67467467467467468       -3.6078293676139421     
  0.67567567567567566       -3.6036195002009421     
  0.67667667667667664       -3.5993372469725067     
  0.67767767767767773       -3.5949815570096986     
  0.67867867867867870       -3.5905513645705707     
  0.67967967967967968       -3.5860455888961873     
  0.68068068068068066       -3.5814631340166350     
  0.68168168168168164       -3.5768028885571126     
  0.68268268268268273       -3.5720637255442167     
  0.68368368368368371       -3.5672445022125361     
  0.68468468468468469       -3.5623440598116720     
  0.68568568568568566       -3.5573612234138059     
  0.68668668668668664       -3.5522948017219411     
  0.68768768768768773       -3.5471435868789509     
  0.68868868868868871       -3.5419063542775655     
  0.68968968968968969       -3.5365818623714347     
  0.69069069069069067       -3.5311688524874207     
  0.69169169169169165       -3.5256660486392590     
  0.69269269269269274       -3.5200721573427440     
  0.69369369369369371       -3.5143858674326109     
  0.69469469469469469       -3.5086058498812496     
  0.69569569569569567       -3.5027307576194500     
  0.69669669669669665       -3.4967592253593405     
  0.69769769769769774       -3.4906898694196888     
  0.69869869869869872       -3.4845212875537745     
  0.69969969969969970       -3.4782520587799981     
  0.70070070070070067       -3.4718807432154413     
  0.70170170170170165       -3.4654058819125746     
  0.70270270270270274       -3.4588259966993200     
  0.70370370370370372       -3.4521395900226834     
  0.70470470470470470       -3.4453451447961694     
  0.70570570570570568       -3.4384411242512245     
  0.70670670670670666       -3.4314259717929114     
  0.70770770770770774       -3.4242981108600850     
  0.70870870870870872       -3.4170559447902851     
  0.70970970970970970       -3.4096978566896134     
  0.71071071071071068       -3.4022222093078529     
  0.71171171171171166       -3.3946273449190851     
  0.71271271271271275       -3.3869115852080758     
  0.71371371371371373       -3.3790732311627196     
  0.71471471471471471       -3.3711105629728033     
  0.71571571571571568       -3.3630218399353975     
  0.71671671671671666       -3.3548053003671705     
  0.71771771771771775       -3.3464591615239105     
  0.71871871871871873       -3.3379816195275955     
  0.71971971971971971       -3.3293708493012941     
  0.72072072072072069       -3.3206250045122498     
  0.72172172172172178       -3.3117422175234554     
  0.72272272272272275       -3.3027205993540738     
  0.72372372372372373       -3.2935582396490304     
  0.72472472472472471       -3.2842532066581334     
  0.72572572572572569       -3.2748035472250927     
  0.72672672672672678       -3.2652072867867652     
  0.72772772772772776       -3.2554624293830390     
  0.72872872872872874       -3.2455669576776875     
  0.72972972972972971       -3.2355188329906182     
  0.73073073073073069       -3.2253159953418593     
  0.73173173173173178       -3.2149563635077221     
  0.73273273273273276       -3.2044378350895029     
  0.73373373373373374       -3.1937582865951417     
  0.73473473473473472       -3.1829155735342685     
  0.73573573573573570       -3.1719075305270090     
  0.73673673673673679       -3.1607319714270190     
  0.73773773773773776       -3.1493866894591465     
  0.73873873873873874       -3.1378694573721511     
  0.73973973973973972       -3.1261780276069322     
  0.74074074074074070       -3.1143101324806999     
  0.74174174174174179       -3.1022634843875254     
  0.74274274274274277       -3.0900357760157355     
  0.74374374374374375       -3.0776246805825878     
  0.74474474474474472       -3.0650278520866872     
  0.74574574574574570       -3.0522429255786094     
  0.74674674674674679       -3.0392675174501882     
  0.74774774774774777       -3.0260992257429224     
  0.74874874874874875       -3.0127356304759734     
  0.74974974974974973       -2.9991742939942392     
  0.75075075075075071       -2.9854127613369288     
  0.75175175175175180       -2.9714485606271523     
  0.75275275275275277       -2.9572792034829858     
  0.75375375375375375       -2.9429021854504365     
  0.75475475475475473       -2.9283149864588474     
  0.75575575575575571       -2.9135150712991638     
  0.75675675675675680       -2.8984998901255254     
  0.75775775775775778       -2.8832668789806810     
  0.75875875875875876       -2.8678134603456531     
  0.75975975975975973       -2.8521370437141247     
  0.76076076076076071       -2.8362350261920062     
  0.76176176176176180       -2.8201047931226366     
  0.76276276276276278       -2.8037437187380405     
  0.76376376376376376       -2.7871491668366923     
  0.76476476476476474       -2.7703184914882524     
  0.76576576576576572       -2.7532490377656309     
  0.76676676676676681       -2.7359381425048657     
  0.76776776776776778       -2.7183831350932031     
  0.76876876876876876       -2.7005813382857333     
  0.76976976976976974       -2.6825300690510550     
  0.77077077077077072       -2.6642266394462957     
  0.77177177177177181       -2.6456683575218429     
  0.77277277277277279       -2.6268525282562032     
  0.77377377377377377       -2.6077764545212627     
  0.77477477477477474       -2.5884374380783211     
  0.77577577577577572       -2.5688327806052023     
  0.77677677677677681       -2.5489597847547434     
  0.77777777777777779       -2.5288157552449326     
  0.77877877877877877       -2.5083979999809567     
  0.77977977977977975       -2.4877038312094477     
  0.78078078078078073       -2.4667305667050843     
  0.78178178178178181       -2.4454755309898140     
  0.78278278278278279       -2.4239360565848811     
  0.78378378378378377       -2.4021094852957487     
  0.78478478478478475       -2.3799931695301604     
  0.78578578578578584       -2.3575844736494025     
  0.78678678678678682       -2.3348807753528478     
  0.78778778778778780       -2.3118794670958684     
  0.78878878878878878       -2.2885779575411838     
  0.78978978978978975       -2.2649736730435834     
  0.79079079079079084       -2.2410640591680804     
  0.79179179179179182       -2.2168465822414385     
  0.79279279279279280       -2.1923187309369143     
  0.79379379379379378       -2.1674780178922375     
  0.79479479479479476       -2.1423219813606020     
  0.79579579579579585       -2.1168481868944906     
  0.79679679679679682       -2.0910542290621916     
  0.79779779779779780       -2.0649377331966945     
  0.79879879879879878       -2.0384963571767178     
  0.79979979979979976       -2.0117277932395590     
  0.80080080080080085       -1.9846297698254136     
  0.80180180180180183       -1.9572000534527447     
  0.80280280280280281       -1.9294364506242894     
  0.80380380380380378       -1.9013368097632632     
  0.80480480480480476       -1.8728990231791776     
  0.80580580580580585       -1.8441210290627836     
  0.80680680680680683       -1.8150008135095494     
  0.80780780780780781       -1.7855364125709254     
  0.80880880880880879       -1.7557259143328698     
  0.80980980980980977       -1.7255674610208178     
  0.81081081081081086       -1.6950592511302953     
  0.81181181181181183       -1.6641995415824651     
  0.81281281281281281       -1.6329866499036361     
  0.81381381381381379       -1.6014189564278798     
  0.81481481481481477       -1.5694949065218049     
  0.81581581581581586       -1.5372130128304766     
  0.81681681681681684       -1.5045718575434095     
  0.81781781781781782       -1.4715700946795502     
  0.81881881881881879       -1.4382064523901570     
  0.81981981981981977       -1.4044797352782639     
  0.82082082082082086       -1.3703888267336422     
  0.82182182182182184       -1.3359326912818306     
  0.82282282282282282       -1.3011103769459682     
  0.82382382382382380       -1.2659210176200544     
  0.82482482482482478       -1.2303638354521809     
  0.82582582582582587       -1.1944381432362192     
  0.82682682682682684       -1.1581433468105442     
  0.82782782782782782       -1.1214789474620916     
  0.82882882882882880       -1.0844445443342017     
  0.82982982982982978       -1.0470398368366141     
  0.83083083083083087       -1.0092646270557863     
  0.83183183183183185      -0.97111882216393575     
  0.83283283283283283      -0.93260243682483424     
  0.83383383383383380      -0.89371559559468583     
  0.83483483483483478      -0.85445853531603300     
  0.83583583583583587      -0.81483160750292516     
  0.83683683683683685      -0.77483528071525276     
  0.83783783783783783      -0.73447014292029067     
  0.83883883883883881      -0.69373690383946185     
  0.83983983983983979      -0.65263639727810974     
  0.84084084084084088      -0.61116958343629246     
  0.84184184184184185      -0.56933755119839580     
  0.84284284284284283      -0.52714152039934792     
  0.84384384384384381      -0.48458284406524932     
  0.84484484484484490      -0.44166301062624269     
  0.84584584584584588      -0.39838364609922428     
  0.84684684684684686      -0.35474651623815223     
  0.84784784784784784      -0.31075352864973427     
  0.84884884884884881      -0.26640673487194455     
  0.84984984984984990      -0.22170833241319343     
  0.85085085085085088      -0.17666066674969905     
  0.85185185185185186      -0.13126623327862763     
  0.85285285285285284       -8.5527679224629338E-002
  0.85385385385385382       -3.9447805497415445E-002
  0.85485485485485491        6.9704315022258712E-003
  0.85585585585585588        5.3723918130202719E-002
  0.85685685685685686       0.10080938180327603     
  0.85785785785785784       0.14822338936199930     
  0.85885885885885882       0.19596234549482716     
  0.85985985985985991       0.24402249122587882     
  0.86086086086086089       0.29239990246879355     
  0.86186186186186187       0.34109048864908598     
  0.86286286286286284       0.39008999139735145     
  0.86386386386386382       0.43939398331582424     
  0.86486486486486491       0.48899786682056323     
  0.86586586586586589       0.53889687306161704     
  0.86686686686686687       0.58908606092366345     
  0.86786786786786785       0.63956031610914899     
  0.86886886886886883       0.69031435030641308     
  0.86986986986986992       0.74134270044500550     
  0.87087087087087089       0.79263972804027549     
  0.87187187187187187       0.84419961862955617     
  0.87287287287287285       0.89601638130199301     
  0.87387387387387383       0.94808384832405856     
  0.87487487487487492        1.0003956748628129     
  0.87587587587587590        1.0529453388089340     
  0.87687687687687688        1.1057261407014156     
  0.87787787787787785        1.1587312037556678     
  0.87887887887887883        1.2119534739970987     
  0.87987987987987992        1.2653857205016505     
  0.88088088088088090        1.3190205357450608     
  0.88188188188188188        1.3728503360626068     
  0.88288288288288286        1.4268673622205945     
  0.88388388388388384        1.4810636801012196     
  0.88488488488488493        1.5354311815022363     
  0.88588588588588590        1.5899615850525262     
  0.88688688688688688        1.6446464372450027     
  0.88788788788788786        1.6994771135879008     
  0.88888888888888884        1.7544448198754257     
  0.88988988988988993        1.8095405935788138     
  0.89089089089089091        1.8647553053586474     
  0.89189189189189189        1.9200796606991952     
  0.89289289289289286        1.9755042016653421     
  0.89389389389389384        2.0310193087828772     
  0.89489489489489493        2.0866152030424212     
  0.89589589589589591        2.1422819480273940     
  0.89689689689689689        2.1980094521664553     
  0.89789789789789787        2.2537874711102859     
  0.89889889889889885        2.3096056102329223     
  0.89989989989989994        2.3654533272576410     
  0.90090090090090091        2.4213199350069665     
  0.90190190190190189        2.4771946042767690     
  0.90290290290290287        2.5330663668339088     
  0.90390390390390385        2.5889241185368981     
  0.90490490490490494        2.6447566225789654     
  0.90590590590590592        2.7005525128527870     
  0.90690690690690690        2.7563002974360167     
  0.90790790790790787        2.8119883621964910     
  0.90890890890890896        2.8676049745162171     
  0.90990990990990994        2.9231382871326748     
  0.91091091091091092        2.9785763420962752     
  0.91191191191191190        3.0339070748424142     
  0.91291291291291288        3.0891183183764950     
  0.91391391391391397        3.1441978075702819     
  0.91491491491491495        3.1991331835677546     
  0.91591591591591592        3.2539119982984879     
  0.91691691691691690        3.3085217190964480     
  0.91791791791791788        3.3629497334221892     
  0.91891891891891897        3.4171833536859619     
  0.91991991991991995        3.4712098221694117     
  0.92092092092092093        3.5250163160434562     
  0.92192192192192191        3.5785899524795290     
  0.92292292292292288        3.6319177938514677     
  0.92392392392392397        3.6849868530254462     
  0.92492492492492495        3.7377840987345996     
  0.92592592592592593        3.7902964610356582     
  0.92692692692692691        3.8425108368441974     
  0.92792792792792789        3.8944140955453443     
  0.92892892892892898        3.9459930846765046     
  0.92992992992992995        3.9972346356788195     
  0.93093093093093093        4.0481255697136325     
  0.93193193193193191        4.0986527035404121     
  0.93293293293293289        4.1488028554524865     
  0.93393393393393398        4.1985628512666286     
  0.93493493493493496        4.2479195303627675     
  0.93593593593593594        4.2968597517698184     
  0.93693693693693691        4.3453704002935440     
  0.93793793793793789        4.3934383926824205     
  0.93893893893893898        4.4410506838273998     
  0.93993993993993996        4.4881942729911435     
  0.94094094094094094        4.5348562100626522     
  0.94194194194194192        4.5810236018329187     
  0.94294294294294290        4.6266836182870028     
  0.94394394394394399        4.6718234989084690     
  0.94494494494494496        4.7164305589913313     
  0.94594594594594594        4.7604921959552593     
  0.94694694694694692        4.8039958956593383     
  0.94794794794794790        4.8469292387099090     
  0.94894894894894899        4.8892799067577508     
  0.94994994994994997        4.9310356887801783     
  0.95095095095095095        4.9721844873432035     
  0.95195195195195192        5.0127143248392168     
  0.95295295295295290        5.0526133496955543     
  0.95395395395395399        5.0918698425491966     
  0.95495495495495497        5.1304722223829442     
  0.95595595595595595        5.1684090526185278     
  0.95695695695695693        5.2056690471619076     
  0.95795795795795791        5.2422410763960707     
  0.95895895895895900        5.2781141731168644     
  0.95995995995995997        5.3132775384072017     
  0.96096096096096095        5.3477205474450420     
  0.96196196196196193        5.3814327552407262     
  0.96296296296296291        5.4144039022990489     
  0.96396396396396400        5.4466239202017457     
  0.96496496496496498        5.4780829371059250     
  0.96596596596596596        5.5087712831541582     
  0.96696696696696693        5.5386794957918228     
  0.96796796796796791        5.5677983249876570     
  0.96896896896896900        5.5961187383531863     
  0.96996996996996998        5.6236319261569863     
  0.97097097097097096        5.6503293062298576     
  0.97197197197197194        5.6762025287568116     
  0.97297297297297303        5.7012434809520594     
  0.97397397397397401        5.7254442916133224     
  0.97497497497497498        5.7487973355516369     
  0.97597597597597596        5.7712952378931286     
  0.97697697697697694        5.7929308782492450     
  0.97797797797797803        5.8136973947520607     
  0.97897897897897901        5.8335881879513414     
  0.97997997997997999        5.8525969245701832     
  0.98098098098098097        5.8707175411161368     
  0.98198198198198194        5.8879442473448860     
  0.98298298298298303        5.9042715295736174     
  0.98398398398398401        5.9196941538413315     
  0.98498498498498499        5.9342071689134999     
  0.98598598598598597        5.9478059091286370     
  0.98698698698698695        5.9604859970843398     
  0.98798798798798804        5.9722433461606927     
  0.98898898898898902        5.9830741628787640     
  0.98998998998998999        5.9929749490924857     
  0.99099099099099097        6.0019425040119030     
  0.99199199199199195        6.0099739260561362     
  0.99299299299299304        6.0170666145346319     
  0.99399399399399402        6.0232182711551721     
  0.99499499499499500        6.0284269013574709     
  0.99599599599599598        6.0326908154711640     
  0.99699699699699695        6.0360086296973874     
  0.99799799799799804        6.0383792669128740     
  0.99899899899899902        6.0398019572961550     
   1.0000000000000000        6.0402762387752142     
