  0.1000000000000001      0.9960109837552799     -0.7956097424466720E-01
  0.2000000000000001      0.9841749645363651     -0.1565110080823240    
  0.3000000000000002      0.9648792845501779     -0.2283533637535430    
  0.4000000000000003      0.9387507906377464     -0.2928111479603480    
  0.5000000000000003      0.9066292227779792     -0.3479165171485795    
  0.6000000000000004      0.8695327849935222     -0.3920768610443962    
  0.7000000000000005      0.8286184587545514     -0.4241131247221623    
  0.8000000000000006      0.7851400042594816     -0.4432674261079277    
  0.9000000000000007      0.7404067777715699     -0.4491791382807426    
   1.000000000000001      0.6957464841090024     -0.4418303911353663    
   1.099999999999990      0.6524748168153425     -0.4214632753481098    
   1.199999999999979      0.6118746704816472     -0.3884717023047186    
   1.299999999999968      0.5751873145123245     -0.3432707204641803    
   1.399999999999957      0.5436176847755136     -0.2861449738706977    
   1.499999999999946      0.5183558816132624     -0.2170757831660752    
   1.599999999999935      0.5006171760489968     -0.1355428774690316    
   1.699999999999924      0.4917034562772516     -0.4029186987200815E-01
   1.799999999999913      0.4930902600487905      0.7094824477118526E-01
   1.899999999999902      0.5065455534862223      0.2018226444559786    
   1.999999999999891      0.5342895368641631      0.3578213357111442    
   2.099999999999880      0.5792094248514795      0.5469192820798524    
   2.199999999999869      0.6451500233137351      0.7804687660815298    
   2.299999999999858      0.7373110096694464       1.074465431137796    
   2.399999999999847      0.8627966530740374       1.451367000476546    
   2.499999999999836       1.031385643721326       1.942730293225732    
   2.599999999999825       1.256621381822264       2.593063782754748    
   2.699999999999814       1.557372162168771       3.465494565111056    
   2.799999999999803       1.960085002442720       4.650159704220743    
   2.899999999999792       2.502070245459191       6.276715269974369    
   2.999999999999781       3.236328372386202       8.533112496169265    
   3.099999999999770       4.238700427391212       11.69398140959680    
   3.199999999999759       5.618544644739780       16.16385111449246    
   3.299999999999748       7.534803817552461       22.54345278179258    
   3.399999999999737       10.22037591336671       31.73220441317787    
   3.499999999999726       14.01937178436445       45.08783965028267    
   3.599999999999715       19.44452917963897       64.67697657243997    
   3.699999999999704       27.26639921189558       93.67152315646091    
   3.799999999999693       38.65301129253750       136.9807676891603    
   3.899999999999681       55.39037427592530       202.2673317945657    
   3.999999999999670       80.23346759769404       301.5932444186481    
