  0.1000000000000001      0.9761040867974810     -0.4758414508779379    
  0.2000000000000001      0.9056536309831226     -0.9270833949524410    
  0.3000000000000002      0.7922735681773134      -1.330851607481343    
  0.4000000000000003      0.6417234732086592      -1.667569147071629    
  0.5000000000000003      0.4615008180348861      -1.922238347041199    
  0.6000000000000004      0.2603350969665166      -2.085327070265431    
  0.7000000000000005      0.4761597864872535E-01  -2.153195059627066    
  0.8000000000000006     -0.1671972664209743      -2.128043204729306    
  0.9000000000000007     -0.3751384605035863      -2.017415333016548    
   1.000000000000001     -0.5682278217180752      -1.833323359353374    
   1.099999999999990     -0.7398631067729752      -1.591097905111369    
   1.199999999999979     -0.8850870720286106      -1.308084939206908    
   1.299999999999968      -1.000722127853514      -1.002313495709727    
   1.399999999999957      -1.085375232534448     -0.6912507765152746    
   1.499999999999946      -1.139326794363318     -0.3907411980253265    
   1.599999999999935      -1.164325684657488     -0.1141985516369190    
   1.699999999999924      -1.163317840860085      0.1279106444263751    
   1.799999999999913      -1.140138186584379      0.3282853755169811    
   1.899999999999902      -1.099194917201304      0.4827298719951057    
   1.999999999999891      -1.045172103173828      0.5898556483117724    
   2.099999999999880     -0.9827717654008624      0.6505996304471089    
   2.199999999999869     -0.9165108960849507      0.6676168137247452    
   2.299999999999858     -0.8505831564795142      0.6446026009107172    
   2.399999999999847     -0.7887899253284721      0.5855897795535872    
   2.499999999999836     -0.7345416231601437      0.4942493350711656    
   2.599999999999825     -0.6909282914614414      0.3732041811702581    
   2.699999999999814     -0.6608586560639030      0.2233411289136550    
   2.799999999999803     -0.6472697168143846      0.4307879044297737E-01
   2.899999999999792     -0.6534147338565511     -0.1724839824003365    
   2.999999999999781     -0.6832470309086298     -0.4326566626918151    
   3.099999999999770     -0.7419315031374046     -0.7526577170466091    
   3.199999999999759     -0.8365371283204995      -1.155785992124983    
   3.299999999999748     -0.9769955082513482      -1.676647767925115    
   3.399999999999737      -1.177458035193110      -2.366020475119936    
   3.499999999999726      -1.458256640590930      -3.298242902898234    
   3.599999999999715      -1.848784717377574      -4.582512907520194    
   3.699999999999704      -2.391789156895610      -6.380260633172528    
   3.799999999999693      -3.149839646776846      -8.932034811881138    
   3.899999999999681      -4.215179877344823      -12.59940178376078    
   3.999999999999670      -5.724870056081538      -17.93073016116939    
