  0.1000000000000001      0.9887101026856658E-01  0.9662169857706240    
  0.2000000000000001      0.1910714001981147      0.8674393509434988    
  0.3000000000000002      0.2704368410231958      0.7111425158703534    
  0.4000000000000003      0.3317687131646710      0.5090159879427903    
  0.5000000000000003      0.3712049579411455      0.2758983390643128    
  0.6000000000000004      0.3864703669733345      0.2845287678251500E-01
  0.7000000000000005      0.3769872835657195     -0.2162751198472792    
  0.8000000000000006      0.3438423088952628     -0.4422711135371853    
  0.9000000000000007      0.2896190894074687     -0.6357956409703084    
   1.000000000000001      0.2181199202819475     -0.7863477420000224    
   1.099999999999990      0.1340083599415679     -0.8872723027086997    
   1.199999999999979      0.4241042289182329E-01 -0.9359795794987986    
   1.299999999999968     -0.5148711560341988E-01 -0.9337888775690681    
   1.399999999999957     -0.1428059567298170     -0.8854468931127059    
   1.499999999999946     -0.2272843092275215     -0.7984003305220377    
   1.599999999999935     -0.3015038868646582     -0.6819194656740344    
   1.699999999999924     -0.3630260299807683     -0.5461735898927765    
   1.799999999999913     -0.4104369157532373     -0.4013517382285446    
   1.899999999999902     -0.4433103818409430     -0.2569051917034980    
   1.999999999999891     -0.4621034232171180     -0.1209652567395681    
   2.099999999999880     -0.4680035065153008      0.3559828130508900E-04
   2.199999999999869     -0.4627484112261081      0.1015356086125380    
   2.299999999999858     -0.4484385966919576      0.1808256159120570    
   2.399999999999847     -0.4273595862657991      0.2368730817095367    
   2.499999999999836     -0.4018281712019305      0.2700288048448000    
   2.599999999999825     -0.3740720239602806      0.2816589708354381    
   2.699999999999814     -0.3461481897044411      0.2737414561382774    
   2.799999999999803     -0.3199024133659926      0.2484570406106304    
   2.899999999999792     -0.2969687492729459      0.2077946390352864    
   2.999999999999781     -0.2788076603505869      0.1531759501434977    
   3.099999999999770     -0.2667810245997520      0.8508967312228305E-01
   3.199999999999759     -0.2622642790516700      0.2708564645416678E-02
   3.299999999999748     -0.2667995533281413     -0.9655698226776131E-01
   3.399999999999737     -0.2822994559543583     -0.2176398849473743    
   3.499999999999726     -0.3113198860635064     -0.3686370393674769    
   3.599999999999715     -0.3574331163856814     -0.5620254983875832    
   3.699999999999704     -0.4257515943687095     -0.8165082577293579    
   3.799999999999693     -0.5236820423909218      -1.159847885688641    
   3.899999999999681     -0.6620344375654048      -1.633245570836092    
   3.999999999999670     -0.8566810453707729      -2.298145874593453    
