  0.1000000000000001      0.9953448478899739E-01  0.9860575352763811    
  0.2000000000000001      0.1963033338831098      0.9449142977597446    
  0.3000000000000002      0.2876761939547761      0.8785764263637461    
  0.4000000000000003      0.3712841467863595      0.7902371319232032    
  0.5000000000000003      0.4451284047430943      0.6840650204064334    
  0.6000000000000004      0.5076647400225063      0.5649339409800210    
  0.7000000000000005      0.5578589143613060      0.4381172187016396    
  0.8000000000000006      0.5952107941752867      0.3089713689192545    
  0.9000000000000007      0.6197473545973109      0.1826341586339924    
   1.000000000000001      0.6319871529135401      0.6375933119546430E-01
   1.099999999999990      0.6328808743583273     -0.4369414497881615E-01
   1.199999999999979      0.6237340593792752     -0.1366062007734841    
   1.299999999999968      0.6061190162945547     -0.2127674066706017    
   1.399999999999957      0.5817831847535594     -0.2708787738794813    
   1.499999999999946      0.5525608919921949     -0.3104854563750506    
   1.599999999999935      0.5202946439707767     -0.3318542543042783    
   1.699999999999924      0.4867709697462750     -0.3358071922914626    
   1.799999999999913      0.4536745685092116     -0.3235239632678557    
   1.899999999999902      0.4225632817598713     -0.2963246818576212    
   1.999999999999891      0.3948654100094912     -0.2554412831549351    
   2.099999999999880      0.3719002833934048     -0.2017811702748206    
   2.199999999999869      0.3549229362269598     -0.1356804363857687    
   2.299999999999858      0.3451943839454065     -0.5663607340523268E-01
   2.399999999999847      0.3440805371671625      0.3700336387253753E-01
   2.499999999999836      0.3531854533762572      0.1484220102802879    
   2.599999999999825      0.3745287833237406      0.2828465451800345    
   2.699999999999814      0.4107834848578376      0.4482567530519628    
   2.799999999999803      0.4655990570101108      0.6564076428135724    
   2.899999999999792      0.5440491343646691      0.9243277558005624    
   2.999999999999781      0.6532625672156535       1.276540670737811    
   3.099999999999770      0.8033277307302201       1.748384462125633    
   3.199999999999759       1.008606527040398       2.391003758207961    
   3.299999999999748       1.289666564515363       3.278904154648317    
   3.399999999999737       1.676152051258300       4.521458939083775    
   3.499999999999726       2.211089774992943       6.280557571882627    
   3.599999999999715       2.957404707918020       8.797872231124980    
   3.699999999999704       4.007863293078572       12.43730502749199    
   3.799999999999693       5.500375123592141       17.75158582286901    
   3.899999999999681       7.641737711955070       25.58759719927405    
   3.999999999999670       10.74479220671816       37.25429877078282    
