  0.1000000000000001      0.9900498337491690     -0.9950124791926827E-01
  0.2000000000000001      0.9607894391523235     -0.1960397346613511    
  0.3000000000000002      0.9139311852712293     -0.2867992445499300    
  0.4000000000000003      0.8521437889662131     -0.3692465385546544    
  0.5000000000000003      0.7788007830714068     -0.4412484512922978    
  0.6000000000000004      0.6976763260710325     -0.5011621268467631    
  0.7000000000000005      0.6126263941844169     -0.5478931767693075    
  0.8000000000000006      0.5272924240430489     -0.5809192296589527    
  0.9000000000000007      0.4448580662229416     -0.6002791297726270    
   1.000000000000001      0.3678794411714423     -0.6065306597126336    
   1.099999999999990      0.2981972794298870     -0.6006818693036807    
   1.199999999999979      0.2369277586821213     -0.5841027071519688    
   1.299999999999968      0.1845195239929885     -0.5584245656739667    
   1.399999999999957      0.1408584209210438     -0.5254355383919700    
   1.499999999999946      0.1053992245618625     -0.4869787010375409    
   1.599999999999935      0.7730474044329712E-01 -0.4448596807251332    
   1.699999999999924      0.5557621261147964E-01 -0.4007683301449976    
   1.799999999999913      0.3916389509898285E-01 -0.3562176583505441    
   1.899999999999902      0.2705184686634554E-01 -0.3125014674966412    
   1.999999999999891      0.1831563888872872E-01 -0.2706705664732832    
   2.099999999999880      0.1215517832990907E-01 -0.2315261031394900    
   2.199999999999869      0.7907054051587292E-02 -0.1956275584107375    
   2.299999999999858      0.5041760259684689E-02 -0.1633123136012734    
   2.399999999999847      0.3151111598438106E-02 -0.1347234308020564    
   2.499999999999836      0.1930454136221410E-02 -0.1098423340586898    
   2.599999999999825      0.1159229173898387E-02 -0.8852338231017756E-01
   2.699999999999814      0.6823280527503104E-03 -0.7052780660586358E-01
   2.799999999999803      0.3936690406491745E-03 -0.5555506528461014E-01
   2.899999999999792      0.2226298569131612E-03 -0.4327027960079291E-01
   2.999999999999781      0.1234098040811332E-03 -0.3332698961539400E-01
   3.099999999999770      0.6705482429744498E-04 -0.2538497314546646E-01
   3.199999999999759      0.3571284963644447E-04 -0.1912327326526487E-01
   3.299999999999748      0.1864374232649420E-04 -0.1424887202691855E-01
   3.399999999999737      0.9540162868216354E-05 -0.1050163239042996E-01
   3.499999999999726      0.4785117387417155E-05 -0.7656218917074338E-02
   3.599999999999715      0.2352575195440336E-05 -0.5521718450479902E-02
   3.699999999999704      0.1133727134312724E-05 -0.3939635082765791E-02
   3.799999999999693      0.5355347759705428E-06 -0.2780849202093792E-02
   3.899999999999681      0.2479595976150353E-06 -0.1942026159105044E-02
   3.999999999999670      0.1125351706424659E-06 -0.1341850534282898E-02


  0.1000000000000001      0.9508438603327013     -0.4955162146379558    
  0.2000000000000001      0.8132121812985271     -0.9645154945338474    
  0.3000000000000002      0.6145273289763731      -1.382372358730662    
  0.4000000000000003      0.3940312880179755      -1.728073800435782    
  0.5000000000000003      0.1947001957678507      -1.985618030815338    
  0.6000000000000004      0.5469782396396870E-01  -2.144973902904145    
  0.7000000000000005      0.2450505576737608E-03  -2.202530570612619    
  0.8000000000000006      0.4133972604497511E-01  -2.161019534331305    
  0.9000000000000007      0.1710034406560989      -2.028943458631479    
   1.000000000000001      0.3678794411714424      -1.819591979137900    
   1.099999999999990      0.6012849942424250      -1.549759222803494    
   1.199999999999979      0.8373974702860907      -1.238297739162163    
   1.299999999999968       1.045192391705888     -0.9046477963918066    
   1.399999999999957       1.201015240141195     -0.5674703814632950    
   1.499999999999946       1.291140500882829     -0.2434893505187257    
   1.599999999999935       1.312201586180728      0.5338316168706968E-01
   1.699999999999924       1.269827536232175      0.3125992975131553    
   1.799999999999913       1.176107435380566      0.5272021343588578    
   1.899999999999902       1.046592672304036      0.6937532578425787    
   1.999999999999891      0.8974663055478749      0.8120116994198502    
   2.099999999999880      0.7433183273021655      0.8844297139927926    
   2.199999999999869      0.5957364291766258      0.9155369733620945    
   2.299999999999858      0.4627146062973355      0.9112827098947993    
   2.399999999999847      0.3487347810443016      0.8783967688288746    
   2.499999999999836      0.2553025595159190      0.8238175054392991    
   2.599999999999825      0.1817096367010112      0.7542192172813273    
   2.699999999999814      0.1258324831081347      0.6756563872820226    
   2.799999999999803      0.8483662306666098E-01  0.5933280972363388    
   2.899999999999792      0.5571810860254420E-01  0.5114547048763496    
   2.999999999999781      0.3566543338085271E-01  0.4332508649924952    
   3.099999999999770      0.2226008273589410E-01  0.3609743181169568    
   3.199999999999759      0.1355196933846719E-01  0.2960282701287040    
   3.299999999999748      0.8050524546008107E-02  0.2390960725848721    
   3.399999999999737      0.4667948268716664E-02  0.1902895788735507    
   3.499999999999726      0.2642581079641596E-02  0.1492962688198584    
   3.599999999999715      0.1460964255532581E-02  0.1155143498865308    
   3.699999999999704      0.7889657041057856E-03  0.8816903300070932E-01
   3.799999999999693      0.4162681855739638E-03  0.6640667870884276E-01
   3.899999999999681      0.2146180609544278E-03  0.4936630459093214E-01
   3.999999999999670      0.1081463027734003E-03  0.3622996383321143E-01


  0.1000000000000001      0.9126833971415593     -0.8862377149673383    
  0.2000000000000001      0.6813808702752939      -1.691587662445866    
  0.3000000000000002      0.3870869991257343      -2.343379267368566    
  0.4000000000000003      0.1323729402806093      -2.784414297932935    
  0.5000000000000003      0.5408338771329258E-02  -2.978427046223011    
  0.6000000000000004      0.4981118734795512E-01  -2.913155210934868    
  0.7000000000000005      0.2508272270444654      -2.600739331488552    
  0.8000000000000006      0.5420173907339938      -2.075508223725507    
  0.9000000000000007      0.8291135807367214      -1.389526129597677    
   1.000000000000001       1.021887336587341     -0.6065306597126322    
   1.099999999999990       1.062787196119132      0.2049526538064184    
   1.199999999999979      0.9431674805773517      0.9784888550209807    
   1.299999999999968      0.7029794350660398       1.655840522136443    
   1.399999999999957      0.4156824805168077       2.191696717740561    
   1.499999999999946      0.1646862883779086       2.556638180447028    
   1.599999999999935      0.1947075665705687E-01   2.738200306799228    
   1.699999999999924      0.1844739100966898E-01   2.740133226867197    
   1.799999999999913      0.1624735430678279       2.580155742964394    
   1.899999999999902      0.4191182027302069       2.286635737966058    
   1.999999999999891      0.7346606265370167       1.894693965312520    
   2.099999999999880       1.049222408452819       1.442222401675964    
   2.199999999999869       1.310541303620626      0.9662436365017222    
   2.299999999999858       1.483264077330559      0.4999316543956629    
   2.399999999999847       1.552546162508684      0.7048729899527163E-01
   2.499999999999836       1.522498234702858     -0.3020664186612935    
   2.599999999999825       1.411154485555590     -0.6052166601771676    
   2.699999999999814       1.244011991313476     -0.8335540407105443    
   2.799999999999803       1.047929111451336     -0.9878135048065655    
   2.899999999999792      0.8465423145272655      -1.073570253107739    
   2.999999999999781      0.6576508459773015      -1.099790657286783    
   3.099999999999770      0.4924390471843564      -1.077409338180828    
   3.199999999999759      0.3560588653803278      -1.018061874102983    
   3.299999999999748      0.2489827182065343     -0.9330560370522978    
   3.399999999999737      0.1685989795677306     -0.8326198235579855    
   3.499999999999726      0.1106766084310150     -0.7254267420692130    
   3.599999999999715      0.7049881323182378E-01 -0.6183706226592944    
   3.699999999999704      0.4361022552429879E-01 -0.5165444650225035    
   3.799999999999693      0.2621719169229647E-01 -0.4233698290312248    
   3.899999999999681      0.1532670724709800E-01 -0.3408232578214494    
   3.999999999999670      0.8718037465444374E-02 -0.2697119528401817    


  0.1000000000000001      0.8755517158716103      -1.271697536239417    
  0.2000000000000001      0.5642876266797635      -2.378253270349262    
  0.3000000000000002      0.2212399107989440      -3.177142299336095    
  0.4000000000000003      0.1675346822815090E-01  -3.567710076112823    
  0.5000000000000003      0.5197413559247367E-01  -3.504248117346326    
  0.6000000000000004      0.3099077234932028      -3.001077490750049    
  0.7000000000000005      0.6656096707197144      -2.129098566650502    
  0.8000000000000006      0.9488000461511688      -1.004589355585619    
  0.9000000000000007       1.026495725143367      0.2278150539914895    
   1.000000000000001      0.8649254416875208       1.415238205996147    
   1.099999999999990      0.5422032558191815       2.416730893315593    
   1.199999999999979      0.2085149412641855       3.120629926923086    
   1.299999999999968      0.1550719197700564E-01   3.456859220464249    
   1.399999999999957      0.4914049270838337E-01   3.402842727903517    
   1.499999999999946      0.2957106994113818       2.982744543854825    
   1.599999999999935      0.6530736498753231       2.260745104806469    
   1.699999999999924      0.9780455053532180       1.329849564939271    
   1.799999999999913       1.146484687703769      0.2982014857443346    
   1.899999999999902       1.100184797306041     -0.7249982379012602    
   1.999999999999891      0.8636027243136407      -1.642068103271011    
   2.099999999999880      0.5279514069220889      -2.376473939972018    
   2.199999999999869      0.2132411751001712      -2.878666929776376    
   2.299999999999858      0.2538628787265906E-01  -3.127928232994656    
   2.399999999999847      0.2419889376332139E-01  -3.130586252815888    
   2.499999999999836      0.2111467726328448      -2.915398616469812    
   2.599999999999825      0.5370846387107799      -2.527133602554459    
   2.699999999999814      0.9234264200438866      -2.019440967344780    
   2.799999999999803       1.287380980943836      -1.447995991860951    
   2.899999999999792       1.562908761165296     -0.8646793205551367    
   2.999999999999781       1.712538105741967     -0.3132737023777917    
   3.099999999999770       1.729219957077386      0.1731299981405992    
   3.199999999999759       1.630494559072859      0.5730783386916685    
   3.299999999999748       1.448694857491654      0.8763027341793745    
   3.399999999999737       1.220802365349761       1.082232793336792    
   3.499999999999726      0.9804684804275269       1.197879250864579    
   3.599999999999715      0.7532999177447688       1.235468263927717    
   3.699999999999704      0.5553088991748422       1.210143608294247    
   3.799999999999693      0.3937070729014932       1.137964696258403    
   3.899999999999681      0.2689915418132937       1.034334425262116    
   3.999999999999670      0.1773963926581621      0.9129056314014515    


  0.1000000000000001      0.8394322794003080      -1.651927344641057    
  0.2000000000000001      0.4609706493829892      -3.025494131836669    
  0.3000000000000002      0.1076828965079381      -3.890731776451115    
  0.4000000000000003      0.5989595422316943E-02  -4.105596325769568    
  0.5000000000000003      0.2210313553216312      -3.639511779498436    
  0.6000000000000004      0.6166942401039861      -2.576890824103280    
  0.7000000000000005      0.9441026968564545      -1.100421635009577    
  0.8000000000000006      0.9996333101656870      0.5423236943057622    
  0.9000000000000007      0.7510536503604800       2.082438943401300    
   1.000000000000001      0.3539984572687380       3.275265562448218    
   1.099999999999990      0.5257395668219441E-01   3.939887546778675    
   1.199999999999979      0.2967591216676399E-01   3.985955238805914    
   1.299999999999968      0.2997834634676015       3.423926789261851    
   1.399999999999957      0.7058951420082501       2.358034712047041    
   1.499999999999946       1.016390332848369      0.9643917490189330    
   1.599999999999935       1.059513819913487     -0.5409372349728578    
   1.699999999999924      0.8165387577579409      -1.937746565804368    
   1.799999999999913      0.4248704340248995      -3.035141512378393    
   1.899999999999902      0.9683334671841737E-01  -3.697417287235510    
   1.999999999999891      0.5025379377637856E-02  -3.858988933432577    
   2.099999999999880      0.1972241016847167      -3.527208245091780    
   2.199999999999869      0.5809970761373665      -2.774043414435255    
   2.299999999999858      0.9777761105853480      -1.719288449937203    
   2.399999999999847       1.211981227617573     -0.5089737228894002    
   2.499999999999836       1.189073994413022      0.7071100255019962    
   2.599999999999825      0.9288647033827595       1.795308504314125    
   2.699999999999814      0.5462930702438883       2.652901357201276    
   2.799999999999803      0.1962871191678194       3.216477897372948    
   2.899999999999792      0.1132216093486874E-01   3.463770435849308    
   2.999999999999781      0.5742585597926959E-01   3.409827137438235    
   3.099999999999770      0.3214643747961586       3.099080523445162    
   3.199999999999759      0.7276171063900740       2.595167181504053    
   3.299999999999748       1.170684036836363       1.970306851646139    
   3.399999999999737       1.551068166573108       1.295736135848411    
   3.499999999999726       1.799834718305705      0.6342220342576123    
   3.599999999999715       1.888873159393788      0.3516349570081663E-01
   3.699999999999704       1.827462067945038     -0.4676826742181017    
   3.799999999999693       1.650334541921160     -0.8561794331507120    
   3.899999999999681       1.403199670624330      -1.126045799599052    
   3.999999999999670       1.130358738014219      -1.283997585268627    


  0.1000000000000001      0.8043087400872838      -2.026958685550581    
  0.2000000000000001      0.3705125771018714      -3.634277011404313    
  0.3000000000000002      0.3809451250325733E-01  -4.490972327989932    
  0.4000000000000003      0.6681581768494843E-01  -4.423982015833055    
  0.5000000000000003      0.4346440282041090      -3.453075553897851    
  0.6000000000000004      0.8568827049931491      -1.784271724132140    
  0.7000000000000005       1.008692620543796      0.2360724958393138    
  0.8000000000000006      0.7753014096374985       2.195717395738035    
  0.9000000000000007      0.3368555757709339       3.702807908193183    
   1.000000000000001      0.2720872227533674E-01   4.465220951979677    
   1.099999999999990      0.8013342509879064E-01   4.346509976669535    
   1.199999999999979      0.4571990546773851       3.387751895086758    
   1.299999999999968      0.8822451428610154       1.792431097339983    
   1.399999999999957       1.048595399910593     -0.1205146103878465    
   1.499999999999946      0.8406200690973068      -1.984003404316297    
   1.599999999999935      0.4100787905086613      -3.455554133705313    
   1.699999999999924      0.6122774541717135E-01  -4.280551701097488    
   1.799999999999913      0.3604794047884100E-01  -4.334267865655849    
   1.899999999999902      0.3530775455086593      -3.636191943637538    
   1.999999999999891      0.8044948694085617      -2.336359588065652    
   2.099999999999880       1.101462530184641     -0.6789265137613285    
   2.199999999999869       1.061765180087189       1.047886232728500    
   2.299999999999858      0.7173913998650623       2.564754415235182    
   2.399999999999847      0.2830776221656624       3.647128426881605    
   2.499999999999836      0.1870674250637369E-01   4.156627888388152    
   2.599999999999825      0.7771353439869839E-01   4.054223961019219    
   2.699999999999814      0.4295993505714633       3.395334030111625    
   2.799999999999803      0.8903407436670605       2.310200067067600    
   2.899999999999792       1.230165643631951      0.9750243006282701    
   2.999999999999781       1.291880123023221     -0.4199200691461185    
   3.099999999999770       1.058907970504400      -1.699503274634186    
   3.199999999999759      0.6483486662775114      -2.726029924742197    
   3.299999999999748      0.2452524792979321      -3.412293872701092    
   3.399999999999737      0.1829197791600419E-01  -3.725051572934200    
   3.499999999999726      0.5655704396747102E-01  -3.680200877682213    
   3.599999999999715      0.3488724339029002      -3.332025454740771    
   3.699999999999704      0.8041185814978892      -2.759309300318999    
   3.799999999999693       1.295043173333830      -2.051004296837468    
   3.899999999999681       1.703820129321605      -1.293598948395437    
   3.999999999999670       1.953246462615353     -0.5615793485572669    


