  0.1000000000000001      0.9950124791926828     -0.9950124791926827E-01
  0.2000000000000001      0.9801986733067555     -0.1960397346613511    
  0.3000000000000002      0.9559974818331005     -0.2867992445499300    
  0.4000000000000003      0.9231163463866368     -0.3692465385546544    
  0.5000000000000003      0.8824969025845965     -0.4412484512922978    
  0.6000000000000004      0.8352702114112729     -0.5011621268467631    
  0.7000000000000005      0.7827045382418687     -0.5478931767693075    
  0.8000000000000006      0.7261490370736912     -0.5809192296589527    
  0.9000000000000007      0.6669768108584747     -0.6002791297726270    
   1.000000000000001      0.6065306597126334     -0.6065306597126336    
   1.099999999999990      0.5460744266397091     -0.6006818693036807    
   1.199999999999979      0.4867522559599712     -0.5841027071519688    
   1.299999999999968      0.4295573582107382     -0.5584245656739667    
   1.399999999999957      0.3753110988513979     -0.5254355383919700    
   1.499999999999946      0.3246524673583469     -0.4869787010375409    
   1.599999999999935      0.2780373004531894     -0.4448596807251332    
   1.699999999999924      0.2357460765558562     -0.4007683301449976    
   1.799999999999913      0.1978986990836040     -0.3562176583505441    
   1.899999999999902      0.1644744565771401     -0.3125014674966412    
   1.999999999999891      0.1353352832365925     -0.2706705664732832    
   2.099999999999880      0.1102505253044586     -0.2315261031394900    
   2.199999999999869      0.8892161745935176E-01 -0.1956275584107375    
   2.299999999999858      0.7100535373959269E-01 -0.1633123136012734    
   2.399999999999847      0.5613476283407730E-01 -0.1347234308020564    
   2.499999999999836      0.4393693362333573E-01 -0.1098423340586898    
   2.599999999999825      0.3404745473450824E-01 -0.8852338231017756E-01
   2.699999999999814      0.2612140985380212E-01 -0.7052780660586358E-01
   2.799999999999803      0.1984109474422151E-01 -0.5555506528461014E-01
   2.899999999999792      0.1492078606887590E-01 -0.4327027960079291E-01
   2.999999999999781      0.1110899653799267E-01 -0.3332698961539400E-01
   3.099999999999770      0.8188701014046427E-02 -0.2538497314546646E-01
   3.199999999999759      0.5976022894571646E-02 -0.1912327326526487E-01
   3.299999999999748      0.4317840007051466E-02 -0.1424887202691855E-01
   3.399999999999737      0.3088715407449569E-02 -0.1050163239042996E-01
   3.499999999999726      0.2187491117105885E-02 -0.7656218917074338E-02
   3.599999999999715      0.1533810677834894E-02 -0.5521718450479902E-02
   3.699999999999704      0.1064766234585190E-02 -0.3939635082765791E-02
   3.799999999999693      0.7318024159365305E-03 -0.2780849202093792E-02
   3.899999999999681      0.4979554172966043E-03 -0.1942026159105044E-02
   3.999999999999670      0.3354626218261371E-03 -0.1341850534282898E-02


  0.1000000000000001      0.9751122296088288     -0.4955162146379558    
  0.2000000000000001      0.9017827794422153     -0.9645154945338474    
  0.3000000000000002      0.7839179351031414      -1.382372358730662    
  0.4000000000000003      0.6277191155429118      -1.728073800435782    
  0.5000000000000003      0.4412484512922971      -1.985618030815338    
  0.6000000000000004      0.2338756591951559      -2.144973902904145    
  0.7000000000000005      0.1565409076483718E-01  -2.202530570612619    
  0.8000000000000006     -0.2033217303806337      -2.161019534331305    
  0.9000000000000007     -0.4135256227322546      -2.028943458631479    
   1.000000000000001     -0.6065306597126335      -1.819591979137900    
   1.099999999999990     -0.7754256858283874      -1.549759222803494    
   1.199999999999979     -0.9150942412047465      -1.238297739162163    
   1.299999999999968      -1.022346512541559     -0.9046477963918066    
   1.399999999999957      -1.095908408646085     -0.5674703814632950    
   1.499999999999946      -1.136283635754220     -0.2434893505187257    
   1.599999999999935      -1.145513677867151      0.5338316168706968E-01
   1.699999999999924      -1.126866245937012      0.3125992975131553    
   1.799999999999913      -1.084484870978183      0.5272021343588578    
   1.899999999999902      -1.023031119909867      0.6937532578425787    
   1.999999999999891     -0.9473469826562361      0.8120116994198502    
   2.099999999999880     -0.8621591078810021      0.8844297139927926    
   2.199999999999869     -0.7718396395473777      0.9155369733620945    
   2.299999999999858     -0.6802312888255990      0.9112827098947993    
   2.399999999999847     -0.5905377050149310      0.8783967688288746    
   2.499999999999836     -0.5052747366689918      0.8238175054392991    
   2.599999999999825     -0.4262741332769456      0.7542192172813273    
   2.699999999999814     -0.3547287458159187      0.6756563872820226    
   2.799999999999803     -0.2912672708470023      0.5933280972363388    
   2.899999999999792     -0.2360468356122238      0.5114547048763496    
   2.999999999999781     -0.1888529411495958      0.4332508649924952    
   3.099999999999770     -0.1491981324812549      0.3609743181169568    
   3.199999999999759     -0.1164129259939256      0.2960282701287040    
   3.299999999999748     -0.8972471535763213E-01  0.2390960725848721    
   3.399999999999737     -0.6832238482896118E-01  0.1902895788735507    
   3.499999999999726     -0.5140604127572553E-01  0.1492962688198584    
   3.599999999999715     -0.3822256212674108E-01  0.1155143498865308    
   3.699999999999704     -0.2808853332065926E-01  0.8816903300070932E-01
   3.799999999999693     -0.2040265143489845E-01  0.6640667870884276E-01
   3.899999999999681     -0.1464984849595476E-01  0.4936630459093214E-01
   3.999999999999670     -0.1039934145864056E-01  0.3622996383321143E-01


  0.1000000000000001      0.9553446483555342     -0.8862377149673383    
  0.2000000000000001      0.8254579760807293      -1.691587662445866    
  0.3000000000000002      0.6221631611769812      -2.343379267368566    
  0.4000000000000003      0.3638309226558530      -2.784414297932935    
  0.5000000000000003      0.7354140854871667E-01  -2.978427046223011    
  0.6000000000000004     -0.2231842004890918      -2.913155210934868    
  0.7000000000000005     -0.5008265438696968      -2.600739331488552    
  0.8000000000000006     -0.7362183037211135      -2.075508223725507    
  0.9000000000000007     -0.9105567421839901      -1.389526129597677    
   1.000000000000001      -1.010884432854390     -0.6065306597126322    
   1.099999999999990      -1.030915707572221      0.2049526538064184    
   1.199999999999979     -0.9711681010913361      0.9784888550209807    
   1.299999999999968     -0.8384386889129340       1.655840522136443    
   1.399999999999957     -0.6447344263468546       2.191696717740561    
   1.499999999999946     -0.4058155841979317       2.556638180447028    
   1.599999999999935     -0.1395376531874349       2.738200306799228    
   1.699999999999924      0.1358211729063955       2.740133226867197    
   1.799999999999913      0.4030800702935186       2.580155742964394    
   1.899999999999902      0.6473933910152365       2.286635737966058    
   1.999999999999891      0.8571234604985543       1.894693965312520    
   2.099999999999880       1.024315580498910       1.442222401675964    
   2.199999999999869       1.144788759387786      0.9662436365017222    
   2.299999999999858       1.217893294722719      0.4999316543956629    
   2.399999999999847       1.246012103676639      0.7048729899527163E-01
   2.499999999999836       1.233895552590598     -0.3020664186612935    
   2.599999999999825       1.187920235350670     -0.6052166601771676    
   2.699999999999814       1.115352855070303     -0.8335540407105443    
   2.799999999999803       1.023684087720101     -0.9878135048065655    
   2.899999999999792      0.9200773416008382      -1.073570253107739    
   2.999999999999781      0.8109567472913100      -1.099790657286783    
   3.099999999999770      0.7017400139541399      -1.077409338180828    
   3.199999999999759      0.5967066828688344      -1.018061874102983    
   3.299999999999748      0.4989816812334240     -0.9330560370522978    
   3.399999999999737      0.4106080607680889     -0.8326198235579855    
   3.499999999999726      0.3326809408893378     -0.7254267420692130    
   3.599999999999715      0.2655161261238642     -0.6183706226592944    
   3.699999999999704      0.2088306144326037     -0.5165444650225035    
   3.799999999999693      0.1619172371685500     -0.4233698290312248    
   3.899999999999681      0.1238010793454484     -0.3408232578214494    
   3.999999999999670      0.9337043143010733E-01 -0.2697119528401817    


  0.1000000000000001      0.9357092047594756      -1.271697536239417    
  0.2000000000000001      0.7511908057742477      -2.378253270349262    
  0.3000000000000002      0.4703614682336809      -3.177142299336095    
  0.4000000000000003      0.1294351892962300      -3.567710076112823    
  0.5000000000000003     -0.2279783665010206      -3.504248117346326    
  0.6000000000000004     -0.5566935633660612      -3.001077490750049    
  0.7000000000000005     -0.8158490489788626      -2.129098566650502    
  0.8000000000000006     -0.9740636766408902      -1.004589355585619    
  0.9000000000000007      -1.013161253277763      0.2278150539914895    
   1.000000000000001     -0.9300136782260360       1.415238205996147    
   1.099999999999990     -0.7363445225023281       2.416730893315593    
   1.199999999999979     -0.4566343627719945       3.120629926923086    
   1.299999999999968     -0.1245278763048886       3.456859220464249    
   1.399999999999957      0.2216765497484643       3.402842727903517    
   1.499999999999946      0.5437928828252369       2.982744543854825    
   1.599999999999935      0.8081297234202707       2.260745104806469    
   1.699999999999924      0.9889618321013294       1.329849564939271    
   1.799999999999913       1.070740252210483      0.2982014857443346    
   1.899999999999902       1.048896943129324     -0.7249982379012602    
   1.999999999999891      0.9293022782247123      -1.642068103271011    
   2.099999999999880      0.7266026472027809      -2.376473939972018    
   2.199999999999869      0.4617804403611863      -2.878666929776376    
   2.299999999999858      0.1593307499281261      -3.127928232994656    
   2.399999999999847     -0.1555599362410560      -3.130586252815888    
   2.499999999999836     -0.4595070974782052      -2.915398616469812    
   2.599999999999825     -0.7328605861354395      -2.527133602554459    
   2.699999999999814     -0.9609507896057355      -2.019440967344780    
   2.799999999999803      -1.134628124516503      -1.447995991860951    
   2.899999999999792      -1.250163493774033     -0.8646793205551367    
   2.999999999999781      -1.308639792204855     -0.3132737023777917    
   3.099999999999770      -1.314998082537532      0.1731299981405992    
   3.199999999999759      -1.276908203072116      0.5730783386916685    
   3.299999999999748      -1.203617404947126      0.8763027341793745    
   3.399999999999737      -1.104899255746767       1.082232793336792    
   3.499999999999726     -0.9901860837375603       1.197879250864579    
   3.599999999999715     -0.8679285211034194       1.235468263927717    
   3.699999999999704     -0.7451905120000134       1.210143608294247    
   3.799999999999693     -0.6274608138374007       1.137964696258403    
   3.899999999999681     -0.5186439451235246       1.034334425262116    
   3.999999999999670     -0.4211845114176945      0.9129056314014515    


  0.1000000000000001      0.9162053696635422      -1.651927344641057    
  0.2000000000000001      0.6789481934455597      -3.025494131836669    
  0.3000000000000002      0.3281507222419876      -3.890731776451115    
  0.4000000000000003     -0.7739247652270176E-01  -4.105596325769568    
  0.5000000000000003     -0.4701397189364361      -3.639511779498436    
  0.6000000000000004     -0.7852988221715260      -2.576890824103280    
  0.7000000000000005     -0.9716494722153944      -1.100421635009577    
  0.8000000000000006     -0.9998166382720819      0.5423236943057622    
  0.9000000000000007     -0.8666335155995757       2.082438943401300    
   1.000000000000001     -0.5949776947657265       3.275265562448218    
   1.099999999999990     -0.2292901146630495       3.939887546778675    
   1.199999999999979      0.1722669793279141       3.985955238805914    
   1.299999999999968      0.5475248519177933       3.423926789261851    
   1.399999999999957      0.8401756613995969       2.358034712047041    
   1.499999999999946       1.008161858457445      0.9643917490189330    
   1.599999999999935       1.029326877096624     -0.5409372349728578    
   1.699999999999924      0.9036253414761789      -1.937746565804368    
   1.799999999999913      0.6518208603787543      -3.035141512378393    
   1.899999999999902      0.3111805693137304      -3.697417287235510    
   1.999999999999891     -0.7088991026682046E-01  -3.858988933432577    
   2.099999999999880     -0.4440992025265489      -3.527208245091780    
   2.199999999999869     -0.7622316420468036      -2.774043414435255    
   2.299999999999858     -0.9888256219300489      -1.719288449937203    
   2.399999999999847      -1.100900189670968     -0.5089737228894002    
   2.499999999999836      -1.090446694897564      0.7071100255019962    
   2.599999999999825     -0.9637762724734198       1.795308504314125    
   2.699999999999814     -0.7391164118350291       2.652901357201276    
   2.799999999999803     -0.4430430218024198       3.216477897372948    
   2.899999999999792     -0.1064056433412662       3.463770435849308    
   2.999999999999781      0.2396369253251042       3.409827137438235    
   3.099999999999770      0.5669782842368468       3.099080523445162    
   3.199999999999759      0.8530047516808298       2.595167181504053    
   3.299999999999748       1.081981532576394       1.970306851646139    
   3.399999999999737       1.245418871935506       1.295736135848411    
   3.499999999999726       1.341579188235158      0.6342220342576123    
   3.599999999999715       1.374362819416252      0.3516349570081663E-01
   3.699999999999704       1.351836553709448     -0.4676826742181017    
   3.799999999999693       1.284653471532756     -0.8561794331507120    
   3.899999999999681       1.184567292569033      -1.126045799599052    
   3.999999999999670       1.063183304051667      -1.283997585268627    


  0.1000000000000001      0.8968326154234600      -2.026958685550581    
  0.2000000000000001      0.6086974429894308      -3.634277011404313    
  0.3000000000000002      0.1951781558045299      -4.490972327989932    
  0.4000000000000003     -0.2584875580853911      -4.423982015833055    
  0.5000000000000003     -0.6592753811603380      -3.453075553897851    
  0.6000000000000004     -0.9256795908915509      -1.784271724132140    
  0.7000000000000005      -1.004336905895524      0.2360724958393138    
  0.8000000000000006     -0.8805120156122224       2.195717395738035    
  0.9000000000000007     -0.5803926048554839       3.702807908193183    
   1.000000000000001     -0.1649506661863987       4.465220951979677    
   1.099999999999990      0.2830784786923772       4.346509976669535    
   1.199999999999979      0.6761649611429041       3.387751895086758    
   1.299999999999968      0.9392790548399423       1.792431097339983    
   1.399999999999957       1.024009472568781     -0.1205146103878465    
   1.499999999999946      0.9168533520129087      -1.984003404316297    
   1.599999999999935      0.6403739458384150      -3.455554133705313    
   1.699999999999924      0.2474424082835668      -4.280551701097488    
   1.799999999999913     -0.1898629518332658      -4.334267865655849    
   1.899999999999902     -0.5942032863495954      -3.636191943637538    
   1.999999999999891     -0.8969363797999063      -2.336359588065652    
   2.099999999999880      -1.049505850476614     -0.6789265137613285    
   2.199999999999869      -1.030419904741358       1.047886232728500    
   2.299999999999858     -0.8469896102462310       2.564754415235182    
   2.399999999999847     -0.5320503943854026       3.647128426881605    
   2.499999999999836     -0.1367725941348401       4.156627888388152    
   2.599999999999825      0.2787714734306550       4.054223961019219    
   2.699999999999814      0.6554382889116742       3.395334030111625    
   2.799999999999803      0.9435786897058774       2.310200067067600    
   2.899999999999792       1.109128326043452      0.9750243006282701    
   2.999999999999781       1.136609045812685     -0.4199200691461185    
   3.099999999999770       1.029032541032790      -1.699503274634186    
   3.199999999999759      0.8052010098587256      -2.726029924742197    
   3.299999999999748      0.4952297237625505      -3.412293872701092    
   3.399999999999737      0.1352478388589045      -3.725051572934200    
   3.499999999999726     -0.2378172490957521      -3.680200877682213    
   3.599999999999715     -0.5906542422626796      -3.332025454740771    
   3.699999999999704     -0.8967265923891681      -2.759309300318999    
   3.799999999999693      -1.137999636789850      -2.051004296837468    
   3.899999999999681      -1.305304611698589      -1.293598948395437    
   3.999999999999670      -1.397585941048118     -0.5615793485572669    


