  0.1000000000000001      0.9950124791926823E-01  0.9850623544007555    
  0.2000000000000001      0.1960397346613511      0.9409907263744854    
  0.3000000000000002      0.2867992445499299      0.8699577084681214    
  0.4000000000000003      0.3692465385546543      0.7754177309647746    
  0.5000000000000003      0.4412484512922977      0.6618726769384475    
  0.6000000000000004      0.5011621268467631      0.5345729353032149    
  0.7000000000000005      0.5478931767693075      0.3991793145033533    
  0.8000000000000006      0.5809192296589529      0.2614136533465297    
  0.9000000000000007      0.6002791297726273      0.1267255940631111    
   1.000000000000001      0.6065306597126341      0.9653736143810931E-15
   1.099999999999990      0.6006818693036807     -0.1146756295943387    
   1.199999999999979      0.5841027071519663     -0.2141709926223895    
   1.299999999999968      0.5584245656739609     -0.2963945771654158    
   1.399999999999957      0.5254355383919586     -0.3602986548973548    
   1.499999999999946      0.4869787010375221     -0.4058155841979556    
   1.599999999999935      0.4448596807251058     -0.4337381887070097    
   1.699999999999924      0.4007683301449600     -0.4455600846906187    
   1.799999999999913      0.3562176583504942     -0.4432930859473446    
   1.899999999999902      0.3125014674965768     -0.4292783316664340    
   1.999999999999891      0.2706705664732013     -0.4060058497099113    
   2.099999999999880      0.2315261031393868     -0.3759542912883830    
   2.199999999999869      0.1956275584106081     -0.3414590110441497    
   2.299999999999858      0.1633123136011116     -0.3046129675431696    
   2.399999999999847      0.1347234308018535     -0.2672014710906291    
   2.499999999999836      0.1098423340584343     -0.2306689015230737    
   2.599999999999825      0.8852338230985365E-01 -0.1961133392715185    
   2.699999999999814      0.7052780660544940E-01 -0.1643036679814266    
   2.799999999999803      0.5555506528407542E-01 -0.1357130880518466    
   2.899999999999792      0.4327027960009533E-01 -0.1105630247722450    
   2.999999999999781      0.3332698961447393E-01 -0.8887197230652476E-01
   3.099999999999770      0.2538497314423931E-01 -0.7050471573453120E-01
   3.199999999999759      0.1912327326360960E-01 -0.5521845155088016E-01
   3.299999999999748      0.1424887202466043E-01 -0.4270343767687228E-01
   3.399999999999737      0.1050163238731457E-01 -0.3261683471286228E-01
   3.499999999999726      0.7656218912727980E-02 -0.2460927508215054E-01
   3.599999999999715      0.5521718444348799E-02 -0.1834437572833207E-01
   3.699999999999704      0.3939635074021857E-02 -0.1351188354839911E-01
   3.799999999999693      0.2780849189487520E-02 -0.9835424516983177E-02
   3.899999999999681      0.1942026140733813E-02 -0.7075946549950978E-02
   3.999999999999670      0.1341850507222993E-02 -0.5031939433622974E-02
   4.099999999999704      0.9173577480307178E-03 -0.3537421020853553E-02
   4.199999999999737      0.6205431040412947E-03 -0.2458532747063556E-02
   4.299999999999771      0.4153516660340270E-03 -0.1689418855125737E-02
   4.399999999999804      0.2750945975569990E-03 -0.1147894883637210E-02
   4.499999999999837      0.1802938099641223E-03 -0.7712570884530264E-03
   4.599999999999871      0.1169289514474929E-03 -0.5124542013004399E-03
   4.699999999999904      0.7504381970111306E-04 -0.3367397463580130E-03
   4.799999999999938      0.4766152137985673E-04 -0.2188467068897272E-03
   4.899999999999971      0.2995632877310672E-04 -0.1406738871578578E-03
   5.000000000000004      0.1863302352482109E-04 -0.8944078402632039E-04


  0.1000000000000001      0.9883790626647314E-01  0.9652284389821815    
  0.2000000000000001      0.1908120084037151      0.8636203777614724    
  0.3000000000000002      0.2695912898769345      0.7030405481400624    
  0.4000000000000003      0.3298602411088251      0.4957750190993829    
  0.5000000000000003      0.3677070427435821      0.2573949299205071    
  0.6000000000000004      0.3808832164035406      0.5345729353031898E-02
  0.7000000000000005      0.3689147390246675     -0.2425862265524301    
  0.8000000000000006      0.3330603583377999     -0.4697700170508739    
  0.9000000000000007      0.2761283996954088     -0.6620411824581230    
   1.000000000000001      0.2021768865708780     -0.8087075462835120    
   1.099999999999990      0.1161318280653783     -0.9031706967003048    
   1.199999999999979      0.2336410828607867E-01 -0.9431311711480429    
   1.299999999999968     -0.7073377831870188E-01 -0.9303926007272487    
   1.399999999999957     -0.1611335651068678     -0.8703214174964718    
   1.499999999999946     -0.2434893505187622     -0.7710496099760769    
   1.599999999999935     -0.3143675077124107     -0.6425256655272922    
   1.699999999999924     -0.3713786526010016     -0.4955225365153046    
   1.799999999999913     -0.4132124836865831     -0.3407024003423242    
   1.899999999999902     -0.4395853976118687     -0.1878188644472996    
   1.999999999999891     -0.4511176107886969     -0.4511176107881625E-01
   2.099999999999880     -0.4491606400904545      0.8107823630899014E-01
   2.199999999999869     -0.4355973633943542      0.1864745599202542    
   2.299999999999858     -0.4126357790322406      0.2688310029486254    
   2.399999999999847     -0.3826145434774066      0.3277371993309381    
   2.499999999999836     -0.3478340578519122      0.3643104079609081    
   2.599999999999825     -0.3104219939668405      0.3808230510369893    
   2.699999999999814     -0.2722373334974363      0.3803120546273452    
   2.799999999999803     -0.2348127426012522      0.3662084084367327    
   2.899999999999792     -0.1993317546918857      0.3420152529945251    
   2.999999999999781     -0.1666349480734562      0.3110519030711162    
   3.099999999999770     -0.1372480881347045      0.2762709407367514    
   3.199999999999759     -0.1114249388847588      0.2401468784378257    
   3.299999999999748     -0.8919793887737133E-01  0.2046284829383456    
   3.399999999999737     -0.7043094788183953E-01  0.1711428379701152    
   3.499999999999726     -0.5486956888061983E-01  0.1406374498074906    
   3.599999999999715     -0.4218592892355997E-01  0.1136467819994235    
   3.699999999999704     -0.3201610104756038E-01  0.9037104055707404E-01
   3.799999999999693     -0.2398945902653369E-01  0.7075729286825568E-01
   3.899999999999681     -0.1775011895371047E-01  0.5457561542663095E-01
   3.999999999999670     -0.1297122161066703E-01  0.4148554498825355E-01
   4.099999999999704     -0.9363164809683694E-02  0.3109038794305423E-01
   4.199999999999737     -0.6677043892814542E-02  0.2297877058127731E-01
   4.299999999999771     -0.4704550013724629E-02  0.1675413406178633E-01
   4.399999999999804     -0.3275459896488438E-02  0.1205371246284402E-01
   4.499999999999837     -0.2253672970958417E-02  0.8558949181093612E-02
   4.599999999999871     -0.1532549337179617E-02  0.5999399639016845E-02
   4.699999999999904     -0.1030102370284794E-02  0.4152035539054635E-02
   4.799999999999938     -0.6844208506967436E-03  0.2837598220215089E-02
   4.899999999999971     -0.4495469227584614E-03  0.1915320245376159E-02
   5.000000000000004     -0.2919211162734085E-03  0.1277000020380704E-02


  0.1000000000000001      0.9817721798028918E-01  0.9455269265575047    
  0.2000000000000001      0.1856679257662011      0.7883243909274884    
  0.3000000000000002      0.2530028215721660      0.5462623147053309    
  0.4000000000000003      0.2929946666995278      0.2466330559760409    
  0.5000000000000003      0.3015197750497363     -0.7721847897615247E-01
  0.6000000000000004      0.2779244690641406     -0.3899388819275764    
  0.7000000000000005      0.2250160750779758     -0.6583377964242800    
  0.8000000000000006      0.1486533580748614     -0.8551409901810016    
  0.9000000000000007      0.5700250616320847E-01 -0.9618589977308761    
   1.000000000000001     -0.4043537731417568E-01 -0.9704490555402128    
   1.099999999999990     -0.1338959932135858     -0.8836301150372745    
   1.199999999999979     -0.2143890576330577     -0.7139012319316649    
   1.299999999999968     -0.2745810817723244     -0.4814832826089103    
   1.399999999999957     -0.3094324914626134     -0.2115289382991922    
   1.499999999999946     -0.3165361556743893      0.6898864931365827E-01
   1.599999999999935     -0.2961460551899084      0.3342960351164275    
   1.699999999999924     -0.2509237232926281      0.5623915025038760    
   1.799999999999913     -0.1854611616436020      0.7369101612520199    
   1.899999999999902     -0.1056588295037076      0.8481451670723040    
   1.999999999999891     -0.1804470443153895E-01  0.8932128693616601    
   2.099999999999880      0.7088403173717520E-01  0.8754591138508738    
   2.199999999999869      0.1552291634151388      0.8032845998745139    
   2.299999999999858      0.2301222923466537      0.6886120223254465    
   2.399999999999847      0.2919941749828573      0.5452260837178100    
   2.499999999999836      0.3386805300137657      0.3871942275562058    
   2.599999999999825      0.3693809272088726      0.2275298246076110    
   2.699999999999814      0.3845006749400126      0.7720103273226415E-01
   2.799999999999803      0.3854128950422564     -0.5547201839823792E-01
   2.899999999999792      0.3741794543749827     -0.1650430760866555    
   2.999999999999781      0.3532660899160317     -0.2488415224568539    
   3.099999999999770      0.3252803381438207     -0.3066290342918031    
   3.199999999999759      0.2927523259282742     -0.3401007601017751    
   3.299999999999748      0.2579695585122022     -0.3523178618570145    
   3.399999999999737      0.2228687230168846     -0.3471455974895349    
   3.499999999999726      0.1889810035181176     -0.3287525714243442    
   3.599999999999715      0.1574228676704395     -0.3012061974900540    
   3.699999999999704      0.1289217738422217     -0.2681799487840332    
   3.799999999999693      0.1038655330270657     -0.2327717883348186    
   3.899999999999681      0.8236474672674642E-01 -0.1974214328895138    
   3.999999999999670      0.6431936785591467E-01 -0.1639070399943768    
   4.099999999999704      0.4948254635536588E-01 -0.1333990763963339    
   4.199999999999737      0.3751714302744329E-01 -0.1065496457868695    
   4.299999999999771      0.2804234123237434E-01 -0.8359836818196417E-01
   4.399999999999804      0.2066947976863069E-01 -0.6447997497933024E-01
   4.499999999999837      0.1502749141770805E-01 -0.4892323383571741E-01
   4.599999999999871      0.1077915699191498E-01 -0.3653499558162650E-01
   4.699999999999904      0.7629823780809341E-02 -0.2686665510278713E-01
   4.799999999999938      0.5330368888676829E-02 -0.1946295237962598E-01
   4.899999999999971      0.3676100622308063E-02 -0.1389479290761512E-01
   5.000000000000004      0.2503068704430455E-02 -0.9778737957109915E-02


  0.1000000000000001      0.9751917547966890E-01  0.9259572872115092    
  0.2000000000000001      0.1806065308217223      0.7150694996099035    
  0.3000000000000002      0.2370179099861572      0.3992560952378341    
  0.4000000000000003      0.2585345822736653      0.2602135638676401E-01
  0.5000000000000003      0.2421613524354155     -0.3490590427187281    
  0.6000000000000004      0.1905043823378868     -0.6709961927687924    
  0.7000000000000005      0.1112860165975216     -0.8937492605971267    
  0.8000000000000006      0.1609560101949377E-01 -0.9869401574564844    
  0.9000000000000007     -0.8140429871010509E-01 -0.9398973844386683    
   1.000000000000001     -0.1675179917301557     -0.7624956864958801    
   1.099999999999990     -0.2304792762905822     -0.4828173185826884    
   1.199999999999979     -0.2620422258749623     -0.1421836917220396    
   1.299999999999968     -0.2584818185471854      0.2114984878064535    
   1.399999999999957     -0.2208925398754042      0.5309261055740333    
   1.499999999999946     -0.1547896585440686      0.7759773706413462    
   1.599999999999935     -0.6912411052385942E-01  0.9187283002584552    
   1.699999999999924      0.2509896783092749E-01  0.9462935867887637    
   1.799999999999913      0.1163664977310372      0.8612805562946284    
   1.899999999999902      0.1941358878462104      0.6800387562215353    
   1.999999999999891      0.2500480471228846      0.4292061839789508    
   2.099999999999880      0.2787385356498417      0.1412517223381149    
   2.199999999999869      0.2781845641836352     -0.1502256008428169    
   2.299999999999858      0.2495992112735173     -0.4147474360009779    
   2.399999999999847      0.1969458861312320     -0.6282300629560367    
   2.499999999999836      0.1261879194838718     -0.7749768961879178    
   2.599999999999825      0.4440686275730302E-01 -0.8483184293044690    
   2.699999999999814     -0.4108044032791031E-01 -0.8500336007204250    
   2.799999999999803     -0.1234973397703747     -0.7888355731595035    
   2.899999999999792     -0.1971996293849637     -0.6782845685576873    
   2.999999999999781     -0.2580461195883315     -0.5345014334399047    
   3.099999999999770     -0.3035445752861959     -0.3740098991503589    
   3.199999999999759     -0.3327988991801541     -0.2119517256956431    
   3.299999999999748     -0.3463028693217521     -0.6081793618534524E-01
   3.399999999999737     -0.3456350187768111      0.7025980809441391E-01
   3.499999999999726     -0.3331093245675367      0.1756965522488695    
   3.599999999999715     -0.3114293528499589      0.2532171491565147    
   3.699999999999704     -0.2833820359066866      0.3033230208548461    
   3.799999999999693     -0.2515939849171260      0.3285963288478380    
   3.899999999999681     -0.2183604150887867      0.3329616737229507    
   3.999999999999670     -0.1855459769336634      0.3209993963172211    
   4.099999999999704     -0.1545489341893388      0.2973731137236716    
   4.199999999999737     -0.1263154367347256      0.2664031877845695    
   4.299999999999771     -0.1013888321676355      0.2317915428406848    
   4.399999999999804     -0.7997944851663136E-01  0.1964838875131253    
   4.499999999999837     -0.6204232928018240E-01  0.1626435365469738    
   4.599999999999871     -0.4735328566725370E-01  0.1317059963269046    
   4.699999999999904     -0.3557673480195819E-01  0.1044838266991629    
   4.799999999999938     -0.2632166532599708E-01  0.8129527052287262E-01
   4.899999999999971     -0.1918443677869631E-01  0.6209605426320056E-01
   5.000000000000004     -0.1377885645202957E-01  0.4660020078705389E-01


  0.1000000000000001      0.9686377120041176E-01  0.9065189925435012    
  0.2000000000000001      0.1756268761403212      0.6438228182174947    
  0.3000000000000002      0.2216209440624283      0.2616644390232583    
  0.4000000000000003      0.2263688519533603     -0.1679400173040464    
  0.5000000000000003      0.1891356622239008     -0.5647075500483869    
  0.6000000000000004      0.1169839739333534     -0.8554892065315375    
  0.7000000000000005      0.2334816691437762E-01 -0.9879931890554579    
  0.8000000000000006     -0.7456538916241269E-01 -0.9401643269421504    
  0.9000000000000007     -0.1590227281911621     -0.7235130602275293    
   1.000000000000001     -0.2150135142896637     -0.3799641804760617    
   1.099999999999990     -0.2328948151615572      0.2689418201466479E-01
   1.199999999999979     -0.2099574924229118      0.4242159702354105    
   1.299999999999968     -0.1506746934315953      0.7434019533788697    
   1.399999999999957     -0.6565493256042254E-01  0.9320925669841922    
   1.499999999999946      0.3043616881484601E-01  0.9625076052351804    
   1.599999999999935      0.1215477910181912      0.8348504114675231    
   1.699999999999924      0.1929949803507695      0.5755338748798755    
   1.799999999999913      0.2338010589477842      0.2309789542727444    
   1.899999999999902      0.2382589093850861     -0.1415113585179362    
   1.999999999999891      0.2065116173832713     -0.4839131450333712    
   2.099999999999880      0.1441444399881101     -0.7468025265015943    
   2.199999999999869      0.6095187788512515E-01 -0.8963257733940981    
   2.299999999999858     -0.3083391558344010E-01 -0.9179076160881593    
   2.399999999999847     -0.1185103740178280     -0.8164752920282032    
   2.499999999999836     -0.1907348201525474     -0.6136096445162166    
   2.599999999999825     -0.2389514895969401     -0.3425023995213891    
   2.699999999999814     -0.2582508705086514     -0.4183906146167379E-01
   2.799999999999803     -0.2476110199121982      0.2502678339517452    
   2.899999999999792     -0.2095748223077115      0.5013613413511223    
   2.999999999999781     -0.1494953534145973      0.6881229855689367    
   3.099999999999770     -0.7452488012837710E-01  0.7980054126348697    
   3.199999999999759      0.7469334659706072E-02  0.8291028807698346    
   3.299999999999748      0.8890178921422262E-01  0.7886056281695306    
   3.399999999999737      0.1632604460406821      0.6903333553972594    
   3.499999999999726      0.2256280624758512      0.5518809695697473    
   3.599999999999715      0.2729190363443042      0.3918542885768148    
   3.699999999999704      0.3038598846079301      0.2275549806601478    
   3.799999999999693      0.3187701458319309      0.7332691737143618E-01
   3.899999999999681      0.3192143467009865     -0.6036865956482174E-01
   3.999999999999670      0.3075961556374815     -0.1672013184982988    
   4.099999999999704      0.2867562084971345     -0.2446767109385896    
   4.199999999999737      0.2596193554241105     -0.2934732707111875    
   4.299999999999771      0.2289191648502749     -0.3165888876950400    
   4.399999999999804      0.1970106266895237     -0.3184532964480094    
   4.499999999999837      0.1657682720158494     -0.3041232057639719    
   4.599999999999871      0.1365574247204266     -0.2786330433181794    
   4.699999999999904      0.1102611309827391     -0.2465328353510555    
   4.799999999999938      0.8734390500130310E-01 -0.2116114799192279    
   4.899999999999971      0.6793483319060702E-01 -0.1767808881559119    
   5.000000000000004      0.5191572929094203E-01 -0.1440841634084273    


  0.1000000000000001      0.9621099759513305E-01  0.8872115156639464    
  0.2000000000000001      0.1707280227273725      0.5745518384439561    
  0.3000000000000002      0.2067966261241493      0.1331391679672853    
  0.4000000000000003      0.1963903178454043     -0.3370436852235522    
  0.5000000000000003      0.1419744483326218     -0.7302626053266472    
  0.6000000000000004      0.5585745316350960E-01 -0.9591940627896545    
  0.7000000000000005     -0.4268674227118977E-01 -0.9744561863056890    
  0.8000000000000006     -0.1318239549194456     -0.7750528516766643    
  0.9000000000000007     -0.1920527842074140     -0.4075450990688112    
   1.000000000000001     -0.2104623462802758      0.4551168009387613E-01
   1.099999999999990     -0.1834147113685416      0.4848346611977714    
   1.199999999999979     -0.1171069973506942      0.8166933579637355    
   1.299999999999968     -0.2597128754763928E-01  0.9730417286518724    
   1.399999999999957      0.7064217599927843E-01  0.9251104261697911    
   1.499999999999946      0.1526947014698015      0.6878112998082064    
   1.599999999999935      0.2036432930475791      0.3145446769622874    
   1.699999999999924      0.2136910815990686     -0.1158324304348523    
   1.799999999999913      0.1814779341979967     -0.5165232333896643    
   1.899999999999902      0.1139638954351487     -0.8107346876763843    
   1.999999999999891      0.2465849220299206E-01 -0.9462533642058988    
   2.099999999999880     -0.6931980782907025E-01 -0.9039342540355744    
   2.199999999999869     -0.1506731828708837     -0.6989389024254211    
   2.299999999999858     -0.2051286599455200     -0.3751936923715388    
   2.399999999999847     -0.2238204260639305      0.5118628168033291E-02
   2.499999999999836     -0.2044799715329610      0.3744273346975727    
   2.599999999999825     -0.1513371877317913      0.6722481615333311    
   2.699999999999814     -0.7389321136590990E-01  0.8549499595996571    
   2.799999999999803      0.1508273927767741E-01  0.9013470197284109    
   2.899999999999792      0.1018839929498967      0.8136647464887815    
   2.999999999999781      0.1740794184810951      0.6143707903694250    
   3.099999999999770      0.2222501887198040      0.3400569560014139    
   3.199999999999759      0.2410305980131779      0.3390309621655875E-01
   3.299999999999748      0.2293887255053299     -0.2617530704050534    
   3.399999999999737      0.1902224647751910     -0.5115085413767789    
   3.499999999999726      0.1294472957203098     -0.6908827841168883    
   3.599999999999715      0.5480319011794992E-01 -0.7879457266873661    
   3.699999999999704     -0.2538995870550371E-01 -0.8027837451788818    
   3.799999999999693     -0.1033361055892739     -0.7453224355506912    
   3.899999999999681     -0.1725949562376823     -0.6321842823717081    
   3.999999999999670     -0.2285802007106825     -0.4832651382054561    
   4.099999999999704     -0.2687258449739104     -0.3186012013837349    
   4.199999999999737     -0.2923708738569496     -0.1559168932931703    
   4.299999999999771     -0.3004414478787958     -0.9043070672302369E-02
   4.399999999999804     -0.2950194518349521      0.1127855341919628    
   4.499999999999837     -0.2788799285545187      0.2048792486601018    
   4.599999999999871     -0.2550629871948253      0.2664925440640794    
   4.699999999999904     -0.2265237636119009      0.2999015380059811    
   4.799999999999938     -0.1958817840753710      0.3093703396362142    
   4.899999999999971     -0.1652721240876671      0.3001718372395291    
   5.000000000000004     -0.1362869778551284      0.2777720794122699    


