  0.1000000000000001      0.9900498337491681E-02  0.9850623544007555    
  0.2000000000000001      0.3843157756609292E-01  0.9409907263744854    
  0.3000000000000002      0.8225380667441053E-01  0.8699577084681214    
  0.4000000000000003      0.1363430062345938      0.7754177309647746    
  0.5000000000000003      0.1947001957678512      0.6618726769384475    
  0.6000000000000004      0.2511634773855710      0.5345729353032149    
  0.7000000000000005      0.3001869331503636      0.3991793145033533    
  0.8000000000000006      0.3374671513875513      0.2614136533465297    
  0.9000000000000007      0.3603350336405827      0.1267255940631111    
   1.000000000000001      0.3678794411714431      0.9653736143810931E-15
   1.099999999999990      0.3608187081101642     -0.1146756295943387    
   1.199999999999979      0.3411759725022557     -0.2141709926223895    
   1.299999999999968      0.3118379955481519     -0.2963945771654158    
   1.399999999999957      0.2760825050052473     -0.3602986548973548    
   1.499999999999946      0.2371482552641923     -0.4058155841979556    
   1.599999999999935      0.1979001355348431     -0.4337381887070097    
   1.699999999999924      0.1606152544471797     -0.4455600846906187    
   1.799999999999913      0.1268910201207094     -0.4432930859473446    
   1.899999999999902      0.9765716718751402E-01 -0.4292783316664340    
   1.999999999999891      0.7326255555492366E-01 -0.4060058497099113    
   2.099999999999880      0.5360433643490999E-01 -0.3759542912883830    
   2.199999999999869      0.3827014160969588E-01 -0.3414590110441497    
   2.299999999999858      0.2667091177374784E-01 -0.3046129675431696    
   2.399999999999847      0.1815040280702182E-01 -0.2672014710906291    
   2.499999999999836      0.1206533835140468E-01 -0.2306689015230737    
   2.599999999999825      0.7836389215576511E-02 -0.1961133392715185    
   2.699999999999814      0.4974171504575671E-02 -0.1643036679814266    
   2.799999999999803      0.3086365278717882E-02 -0.1357130880518466    
   2.899999999999792      0.1872317096670426E-02 -0.1105630247722450    
   2.999999999999781      0.1110688236763253E-02 -0.8887197230652476E-01
   3.099999999999770      0.6443968615337511E-03 -0.7050471573453120E-01
   3.199999999999759      0.3656995803146859E-03 -0.5521845155088016E-01
   3.299999999999748      0.2030303539751505E-03 -0.4270343767687228E-01
   3.399999999999737      0.1102842827982943E-03 -0.3261683471286228E-01
   3.499999999999726      0.5861768803961362E-04 -0.2460927508215054E-01
   3.599999999999715      0.3048937457866172E-04 -0.1834437572833207E-01
   3.699999999999704      0.1552072451646320E-04 -0.1351188354839911E-01
   3.799999999999693      0.7733122214673395E-05 -0.9835424516983177E-02
   3.899999999999681      0.3771465531293466E-05 -0.7075946549950978E-02
   3.999999999999670      0.1800562783734604E-05 -0.5031939433622974E-02


  0.1000000000000001      0.9768931715140131E-02  0.9652284389821815    
  0.2000000000000001      0.3640922255105945E-01  0.8636203777614724    
  0.3000000000000002      0.7267946357750935E-01  0.7030405481400624    
  0.4000000000000003      0.1088077786643722      0.4957750190993829    
  0.5000000000000003      0.1352084692832305      0.2573949299205071    
  0.6000000000000004      0.1450720245379063      0.5345729353031898E-02
  0.7000000000000005      0.1360980846696385     -0.2425862265524301    
  0.8000000000000006      0.1109292022961037     -0.4697700170508739    
  0.9000000000000007      0.7624689311834741E-01 -0.6620411824581230    
   1.000000000000001      0.4087549346349367E-01 -0.8087075462835120    
   1.099999999999990      0.1348660148980660E-01 -0.9031706967003048    
   1.199999999999979      0.5458815560036098E-03 -0.9431311711480429    
   1.299999999999968      0.5003267395239260E-02 -0.9303926007272487    
   1.399999999999957      0.2596402580404919E-01 -0.8703214174964718    
   1.499999999999946      0.5928706381604867E-01 -0.7710496099760769    
   1.599999999999935      0.9882692990531258E-01 -0.6425256655272922    
   1.699999999999924      0.1379221036077354     -0.4955225365153046    
   1.799999999999913      0.1707445566744347     -0.3407024003423242    
   1.899999999999902      0.1932353217935847     -0.1878188644472996    
   1.999999999999891      0.2035070987637022     -0.4511176107881625E-01
   2.099999999999880      0.2017452806064668      0.8107823630899014E-01
   2.199999999999869      0.1897450629961131      0.1864745599202542    
   2.299999999999858      0.1702682861375441      0.2688310029486254    
   2.399999999999847      0.1463938888804243      0.3277371993309381    
   2.499999999999836      0.1209885318017274      0.3643104079609081    
   2.599999999999825      0.9636181433834916E-01  0.3808230510369893    
   2.699999999999814      0.7411316574979435E-01  0.3803120546273452    
   2.799999999999803      0.5513702408792192E-01  0.3662084084367327    
   2.899999999999792      0.3973314842854609E-01  0.3420152529945251    
   2.999999999999781      0.2776720591944344E-01  0.3110519030711162    
   3.099999999999770      0.1883703769663161E-01  0.2762709407367514    
   3.199999999999759      0.1241551700547223E-01  0.2401468784378257    
   3.299999999999748      0.7956272299971272E-02  0.2046284829383456    
   3.399999999999737      0.4960518419534396E-02  0.1711428379701152    
   3.499999999999726      0.3010669589145084E-02  0.1406374498074906    
   3.599999999999715      0.1779652599143654E-02  0.1136467819994235    
   3.699999999999704      0.1025030726287597E-02  0.9037104055707404E-01
   3.799999999999693      0.5754941443857389E-03  0.7075729286825568E-01
   3.899999999999681      0.3150667228708717E-03  0.5457561542663095E-01
   3.999999999999670      0.1682525900730353E-03  0.4148554498825355E-01


  0.1000000000000001      0.9638766130349218E-02  0.9455269265575047    
  0.2000000000000001      0.3447257865832356E-01  0.7883243909274884    
  0.3000000000000002      0.6401042772347727E-01  0.5462623147053309    
  0.4000000000000003      0.8584587471436737E-01  0.2466330559760409    
  0.5000000000000003      0.9091417474604359E-01 -0.7721847897615247E-01
  0.6000000000000004      0.7724201050458444E-01 -0.3899388819275764    
  0.7000000000000005      0.5063223404349725E-01 -0.6583377964242800    
  0.8000000000000006      0.2209782086693296E-01 -0.8551409901810016    
  0.9000000000000007      0.3249285708886619E-02 -0.9618589977308761    
   1.000000000000001      0.1635019738539753E-02 -0.9704490555402128    
   1.099999999999990      0.1792813699865260E-01 -0.8836301150372745    
   1.199999999999979      0.4596266803279052E-01 -0.7139012319316649    
   1.299999999999968      0.7539477046725988E-01 -0.4814832826089103    
   1.399999999999957      0.9574846677276029E-01 -0.2115289382991922    
   1.499999999999946      0.1001951378491212      0.6898864931365827E-01
   1.599999999999935      0.8770248600454426E-01  0.3342960351164275    
   1.699999999999924      0.6296271491103540E-01  0.5623915025038760    
   1.799999999999913      0.3439584247819428E-01  0.7369101612520199    
   1.899999999999902      0.1116378825209356E-01  0.8481451670723040    
   1.999999999999891      0.3256113580216015E-03  0.8932128693616601    
   2.099999999999880      0.5024545955316860E-02  0.8754591138508738    
   2.199999999999869      0.2409609317456386E-01  0.8032845998745139    
   2.299999999999858      0.5295626943487877E-01  0.6886120223254465    
   2.399999999999847      0.8526059822391949E-01  0.5452260837178100    
   2.499999999999836      0.1147045014104052      0.3871942275562058    
   2.599999999999825      0.1364422693856864      0.2275298246076110    
   2.699999999999814      0.1478407690293252      0.7720103273226415E-01
   2.799999999999803      0.1485430996648534     -0.5547201839823792E-01
   2.899999999999792      0.1400102640763598     -0.1650430760866555    
   2.999999999999781      0.1247969302845618     -0.2488415224568539    
   3.099999999999770      0.1058072983829584     -0.3066290342918031    
   3.199999999999759      0.8570392433641449E-01 -0.3401007601017751    
   3.299999999999748      0.6654829311898051E-01 -0.3523178618570145    
   3.399999999999737      0.4967046769917682E-01 -0.3471455974895349    
   3.499999999999726      0.3571381969071478E-01 -0.3287525714243442    
   3.599999999999715      0.2478195926558470E-01 -0.3012061974900540    
   3.699999999999704      0.1662082377062497E-01 -0.2681799487840332    
   3.799999999999693      0.1078804895099648E-01 -0.2327717883348186    
   3.899999999999681      0.6783951503361084E-02 -0.1974214328895138    
   3.999999999999670      0.4136981081384470E-02 -0.1639070399943768    


  0.1000000000000001      0.9509989586234457E-02  0.9259572872115092    
  0.2000000000000001      0.3261871897545773E-01  0.7150694996099035    
  0.3000000000000002      0.5617748965420614E-01  0.3992560952378341    
  0.4000000000000003      0.6684013023141863E-01  0.2602135638676401E-01
  0.5000000000000003      0.5864212061334950E-01 -0.3490590427187281    
  0.6000000000000004      0.3629191968993977E-01 -0.6709961927687924    
  0.7000000000000005      0.1238457749014386E-01 -0.8937492605971267    
  0.8000000000000006      0.2590683721787287E-03 -0.9869401574564844    
  0.9000000000000007      0.6626659848484017E-02 -0.9398973844386683    
   1.000000000000001      0.2806227755330451E-01 -0.7624956864958801    
   1.099999999999990      0.5312069679943052E-01 -0.4828173185826884    
   1.199999999999979      0.6866612814150479E-01 -0.1421836917220396    
   1.299999999999968      0.6681285051946007E-01  0.2114984878064535    
   1.399999999999957      0.4879351417260704E-01  0.5309261055740333    
   1.499999999999946      0.2395983839218936E-01  0.7759773706413462    
   1.599999999999935      0.4778142655714732E-02  0.9187283002584552    
   1.699999999999924      0.6299581861779328E-03  0.9462935867887637    
   1.799999999999913      0.1354116179418748E-01  0.8612805562946284    
   1.899999999999902      0.3768874294983638E-01  0.6800387562215353    
   1.999999999999891      0.6252402586996832E-01  0.4292061839789508    
   2.099999999999880      0.7769517125621810E-01  0.1412517223381149    
   2.199999999999869      0.7738665175003905E-01 -0.1502256008428169    
   2.299999999999858      0.6229976626836192E-01 -0.4147474360009779    
   2.399999999999847      0.3878768206401622E-01 -0.6282300629560367    
   2.499999999999836      0.1592339102366812E-01 -0.7749768961879178    
   2.599999999999825      0.1971969459945946E-02 -0.8483184293044690    
   2.699999999999814      0.1687602577535000E-02 -0.8500336007204250    
   2.799999999999803      0.1525159293035938E-01 -0.7888355731595035    
   2.899999999999792      0.3888769382956702E-01 -0.6782845685576873    
   2.999999999999781      0.6658779983459549E-01 -0.5345014334399047    
   3.099999999999770      0.9213930918567707E-01 -0.3740098991503589    
   3.199999999999759      0.1107551072955224     -0.2119517256956431    
   3.299999999999748      0.1199256773004785     -0.6081793618534524E-01
   3.399999999999737      0.1194635662048465      0.7025980809441391E-01
   3.499999999999726      0.1109618221138405      0.1756965522488695    
   3.599999999999715      0.9698824181654418E-01  0.2532171491565147    
   3.699999999999704      0.8030537827461860E-01  0.3033230208548461    
   3.799999999999693      0.6329953324647904E-01  0.3285963288478380    
   3.899999999999681      0.4768127087774721E-01  0.3329616737229507    
   3.999999999999670      0.3442730955626755E-01  0.3209993963172211    


  0.1000000000000001      0.9382590171165718E-02  0.9065189925435012    
  0.2000000000000001      0.3084479962280774E-01  0.6438228182174947    
  0.3000000000000002      0.4911584284712197E-01  0.2616644390232583    
  0.4000000000000003      0.5124285713468235E-01 -0.1679400173040464    
  0.5000000000000003      0.3577229872487350E-01 -0.5647075500483869    
  0.6000000000000004      0.1368525015723951E-01 -0.8554892065315375    
  0.7000000000000005      0.5451368982616375E-03 -0.9879931890554579    
  0.8000000000000006      0.5559997260942052E-02 -0.9401643269421504    
  0.9000000000000007      0.2528822808136022E-01 -0.7235130602275293    
   1.000000000000001      0.4623081132719143E-01 -0.3799641804760617    
   1.099999999999990      0.5423999492913589E-01  0.2689418201466479E-01
   1.199999999999979      0.4408214862451707E-01  0.4242159702354105    
   1.299999999999968      0.2270286324070522E-01  0.7434019533788697    
   1.399999999999957      0.4310570169513632E-02  0.9320925669841922    
   1.499999999999946      0.9263603721258046E-03  0.9625076052351804    
   1.599999999999935      0.1477386550140189E-01  0.8348504114675231    
   1.699999999999924      0.3724706244059389E-01  0.5755338748798755    
   1.799999999999913      0.5466293516510527E-01  0.2309789542727444    
   1.899999999999902      0.5676730790137069E-01 -0.1415113585179362    
   1.999999999999891      0.4264704811425465E-01 -0.4839131450333712    
   2.099999999999880      0.2077761957948587E-01 -0.7468025265015943    
   2.199999999999869      0.3715131417723208E-02 -0.8963257733940981    
   2.299999999999858      0.9507303502067101E-03 -0.9179076160881593    
   2.399999999999847      0.1404470874984547E-01 -0.8164752920282032    
   2.499999999999836      0.3637977161862459E-01 -0.6136096445162166    
   2.599999999999825      0.5709781438059657E-01 -0.3425023995213891    
   2.699999999999814      0.6669351211847621E-01 -0.4183906146167379E-01
   2.799999999999803      0.6131121718195903E-01  0.2502678339517452    
   2.899999999999792      0.4392160614530884E-01  0.5013613413511223    
   2.999999999999781      0.2234886069255535E-01  0.6881229855689367    
   3.099999999999770      0.5553957758148976E-02  0.7980054126348697    
   3.199999999999759      0.5579096025868642E-04  0.8291028807698346    
   3.299999999999748      0.7903528125490070E-02  0.7886056281695306    
   3.399999999999737      0.2665397324140248E-01  0.6903333553972594    
   3.499999999999726      0.5090802257660661E-01  0.5518809695697473    
   3.599999999999715      0.7448480039910364E-01  0.3918542885768148    
   3.699999999999704      0.9233082947394461E-01  0.2275549806601478    
   3.799999999999693      0.1016144058737105      0.7332691737143618E-01
   3.899999999999681      0.1018977991397376     -0.6036865956482174E-01
   3.999999999999670      0.9461539496295773E-01 -0.1672013184982988    


  0.1000000000000001      0.9256556058250697E-02  0.8872115156639464    
  0.2000000000000001      0.2914805774439822E-01  0.5745518384439561    
  0.3000000000000002      0.4276484457633119E-01  0.1331391679672853    
  0.4000000000000003      0.3856915694341894E-01 -0.3370436852235522    
  0.5000000000000003      0.2015674397935229E-01 -0.7302626053266472    
  0.6000000000000004      0.3120055073913669E-02 -0.9591940627896545    
  0.7000000000000005      0.1822157965726980E-02 -0.9744561863056890    
  0.8000000000000006      0.1737755509060402E-01 -0.7750528516766643    
  0.9000000000000007      0.3688427192181952E-01 -0.4075450990688112    
   1.000000000000001      0.4429439920179873E-01  0.4551168009387613E-01
   1.099999999999990      0.3364095634640541E-01  0.4848346611977714    
   1.199999999999979      0.1371404882849550E-01  0.8166933579637355    
   1.299999999999968      0.6745077768821630E-03  0.9730417286518724    
   1.399999999999957      0.4990317029913029E-02  0.9251104261697911    
   1.499999999999946      0.2331567185695179E-01  0.6878112998082064    
   1.599999999999935      0.4147059080326217E-01  0.3145446769622874    
   1.699999999999924      0.4566387835497979E-01 -0.1158324304348523    
   1.799999999999913      0.3293424060077240E-01 -0.5165232333896643    
   1.899999999999902      0.1298776946275351E-01 -0.8107346876763843    
   1.999999999999891      0.6080412377250205E-03 -0.9462533642058988    
   2.099999999999880      0.4805235757459230E-02 -0.9039342540355744    
   2.199999999999869      0.2270240803644277E-01 -0.6989389024254211    
   2.299999999999858      0.4207776713104477E-01 -0.3751936923715388    
   2.399999999999847      0.5009558312343938E-01  0.5118628168033291E-02
   2.499999999999836      0.4181205875812052E-01  0.3744273346975727    
   2.599999999999825      0.2290294439056744E-01  0.6722481615333311    
   2.699999999999814      0.5460206685967036E-02  0.8549499595996571    
   2.799999999999803      0.2274890241183930E-03  0.9013470197284109    
   2.899999999999792      0.1038034801941460E-01  0.8136647464887815    
   2.999999999999781      0.3030364393871622E-01  0.6143707903694250    
   3.099999999999770      0.4939514638598850E-01  0.3400569560014139    
   3.199999999999759      0.5809574917859018E-01  0.3390309621655875E-01
   3.299999999999748      0.5261918738895961E-01 -0.2617530704050534    
   3.399999999999737      0.3618458610514879E-01 -0.5115085413767789    
   3.499999999999726      0.1675660236930133E-01 -0.6908827841168883    
   3.599999999999715      0.3003389647104163E-02 -0.7879457266873661    
   3.699999999999704      0.6446500030671837E-03 -0.8027837451788818    
   3.799999999999693      0.1067835071835756E-01 -0.7453224355506912    
   3.899999999999681      0.2978901891868746E-01 -0.6321842823717081    
   3.999999999999670      0.5224890815693589E-01 -0.4832651382054561    


