  0.1000000000000001      0.8292909635647898      -3.313553496581465    
  0.2000000000000001      0.3754476274100801      -5.495784708573000    
  0.3000000000000002     -0.2065783487813129      -5.801669383088613    
  0.4000000000000003     -0.7180887464737661      -4.127160112321740    
  0.5000000000000003     -0.9845312860507123      -1.044995687812997    
  0.6000000000000004     -0.9151425985998802       2.391380325451208    
  0.7000000000000005     -0.5338649337571791       5.009328333973365    
  0.8000000000000006      0.2912351144487999E-01   5.919741289971880    
  0.9000000000000007      0.5823238929226656       4.821282570765217    
   1.000000000000001      0.9386446006843844       2.099794282651333    
   1.099999999999990      0.9790310781187638      -1.311660642592110    
   1.199999999999979      0.6919154438789252      -4.261330021975574    
   1.299999999999968      0.1751422587776074      -5.777321224080096    
   1.399999999999957     -0.3994639461338333      -5.393203670064339    
   1.499999999999946     -0.8454432843253123      -3.286656622319113    
   1.599999999999935      -1.023431587601073     -0.1887467446981093    
   1.699999999999924     -0.8838423731119720       2.892399724278296    
   1.799999999999913     -0.4770618072579613       5.023251962030792    
   1.899999999999902      0.6976825428855600E-01   5.640725447891567    
   1.999999999999891      0.5983528528870711       4.692322013832764    
   2.099999999999880      0.9694026367165224       2.588169850402423    
   2.199999999999869       1.100042562598647      0.6024295150911990E-02
   2.299999999999858      0.9780132058061820      -2.360978049695470    
   2.399999999999847      0.6518989527574058      -4.017118709006811    
   2.499999999999836      0.2049481391066185      -4.772764390533591    
   2.599999999999825     -0.2760034605573858      -4.735847234545316    
   2.699999999999814     -0.7261596225348443      -4.219887434969544    
   2.799999999999803      -1.117417051541485      -3.626822112413436    
   2.899999999999792      -1.462487490121742      -3.361993647075703    
   2.999999999999781      -1.813931940222230      -3.822926637299942    
   3.099999999999770      -2.267018803573422      -5.492237596029463    
   3.199999999999759      -2.978868002504812      -9.182558584281004    
   3.299999999999748      -4.224519226230397      -16.56473638905049    
   3.399999999999737      -6.533493737613062      -31.34397793367375    
   3.499999999999726      -11.01283146696837      -62.06758325497405    


  0.1000000000000001      0.9984673837381151E-01  0.9954036088091894    
  0.2000000000000001      0.1987757401821694      0.9816616628402226    
  0.3000000000000002      0.2958796855486483      0.9589449071571953    
  0.4000000000000003      0.3902778279515330      0.9276326207600386    
  0.5000000000000003      0.4811432010364202      0.8884472075809160    
  0.6000000000000004      0.5677453559437450      0.8426282730989402    
  0.7000000000000005      0.6495119600679141      0.7921335593982296    
  0.8000000000000006      0.7261112878043530      0.7398538593703744    
  0.9000000000000007      0.7975564883063737      0.6898326950760977    
   1.000000000000001      0.8643320195761393      0.6474912798768837    
   1.099999999999990      0.9275435291417050      0.6198777799762308    
   1.199999999999979      0.9890957780771575      0.6159905582626571    
   1.299999999999968       1.051910387298295      0.6472727079023270    
   1.399999999999957       1.120208283695134      0.7284475948493643    
   1.499999999999946       1.199903862551309      0.8789767838925968    
   1.599999999999935       1.299194237377538       1.125600803235342    
   1.699999999999924       1.429486727159305       1.506725255272712    
   1.799999999999913       1.606908082648493       2.079949028111300    
   1.899999999999902       1.854812632217557       2.935012620790111    
   1.999999999999891       2.208017103477097       4.216298920758992    
   2.099999999999880       2.720062556669003       6.162605013650786    
   2.199999999999869       3.475889579936169       9.178990984266660    
   2.299999999999858       4.614425123256173       13.96983566294296    
   2.399999999999847       6.369794033749988       21.79188469335121    
   2.499999999999836       9.148498825146984       34.94908059976444    
   2.599999999999825       13.67806805931878       57.78853915604935    
   2.699999999999814       21.30197108807721       98.76620712860426    
   2.799999999999803       34.58321546941787       174.8667096723562    
   2.899999999999792       58.58056539002165       321.3725875678403    
   2.999999999999781       103.6400846333777       614.2006492708953    
   3.099999999999770       191.7211771956115       1222.804241531769    
   3.199999999999759       371.2705685448601       2540.151823016911    
   3.299999999999748       753.5618941153588       5514.498665861728    
   3.399999999999737       1605.090773254663       12530.47675572164    
   3.499999999999726       3592.424264577521       29847.27156522915    


  0.1000000000000001      0.9701002156190277     -0.5949970704115702    
  0.2000000000000001      0.8821897875688339      -1.154386327457947    
  0.3000000000000002      0.7415331808487516      -1.644604349431568    
  0.4000000000000003      0.5565646956521364      -2.036149703486211    
  0.5000000000000003      0.3383843760894347      -2.305520923253534    
  0.6000000000000004      0.1000679780560201      -2.436976574702126    
  0.7000000000000005     -0.1441841013300841      -2.423966716407831    
  0.8000000000000006     -0.3800166761991020      -2.270042555779836    
  0.9000000000000007     -0.5939458108894791      -1.989036923845728    
   1.000000000000001     -0.7743588008413572      -1.604338395452111    
   1.099999999999990     -0.9123918535117364      -1.147165327250762    
   1.199999999999979      -1.002586170005511     -0.6538797453221610    
   1.299999999999968      -1.043235266130618     -0.1625470030188708    
   1.399999999999957      -1.036365431269281      0.2908867991057586    
   1.499999999999946     -0.9873351843164958      0.6763028928657617    
   1.599999999999935     -0.9040922220909974      0.9724640167576784    
   1.699999999999924     -0.7961779137144663       1.168942383211687    
   1.799999999999913     -0.6736084883914413       1.266629468813382    
   1.899999999999902     -0.5457784256352967       1.276803273421664    
   1.999999999999891     -0.4205188329094229       1.219032981484446    
   2.099999999999880     -0.3034011037238951       1.118482666059288    
   2.199999999999869     -0.1973085320782623       1.003392409644643    
   2.299999999999858     -0.1022125602195295      0.9036729944785501    
   2.399999999999847     -0.1498815534102706E-01  0.8517411224645385    
   2.499999999999836      0.7102904707419830E-01  0.8871804877470142    
   2.599999999999825      0.1672513352127091       1.068037599231375    
   2.699999999999814      0.2927320305298249       1.494614951271170    
   2.799999999999803      0.4805615270110356       2.358932376103451    
   2.899999999999792      0.7916475104137213       4.050451487691770    
   2.999999999999781       1.344624696056972       7.391032897879120    
   3.099999999999770       2.382434507593797       14.17839011759713    
   3.199999999999759       4.425650285001441       28.49351562480098    
   3.299999999999748       8.639255023996938       59.97243826663085    
   3.399999999999737       17.74607756103280       132.3300148047958    
   3.499999999999726       38.39902664114749       306.5092872859755    


  0.1000000000000001      0.9847370574791571E-01  0.9543516691732412    
  0.2000000000000001      0.1879572186899763      0.8215789606262153    
  0.3000000000000002      0.2602829275860151      0.6138429628540321    
  0.4000000000000003      0.3088577383325760      0.3502416317584122    
  0.5000000000000003      0.3292769357379084      0.5511210781353822E-01
  0.6000000000000004      0.3197397956033167     -0.2442158426047460    
  0.7000000000000005      0.2812193496921134     -0.5200585014741577    
  0.8000000000000006      0.2173577691559957     -0.7471839203727197    
  0.9000000000000007      0.1340846470743428     -0.9054955910902369    
   1.000000000000001      0.3898670186996324E-01 -0.9822639095793844    
   1.099999999999990     -0.5950924196696946E-01 -0.9735777413703998    
   1.199999999999979     -0.1530479403766981     -0.8847506213173473    
   1.299999999999968     -0.2342393118296643     -0.7295431188408181    
   1.399999999999957     -0.2974159553639010     -0.5282429493739891    
   1.499999999999946     -0.3391509315164685     -0.3048474380842691    
   1.599999999999935     -0.3584660645432842     -0.8377472892544832E-01
   1.699999999999924     -0.3567100518197797      0.1133573164378191    
   1.799999999999913     -0.3371408458592538      0.2703396436355933    
   1.899999999999902     -0.3042965569830549      0.3779364408441012    
   1.999999999999891     -0.2632723044685863      0.4341864753810762    
   2.099999999999880     -0.2190294445751061      0.4434828405047040    
   2.199999999999869     -0.1758470058019579      0.4147120865472882    
   2.299999999999858     -0.1369885196572160      0.3588853002420694    
   2.399999999999847     -0.1046120339405536      0.2867123118298480    
   2.499999999999836     -0.7991119048303690E-01  0.2064417632769266    
   2.599999999999825     -0.6345524318294804E-01  0.1220219673957301    
   2.699999999999814     -0.5570964327071114E-01  0.3122517914044476E-01
   2.799999999999803     -0.5778413209645090E-01 -0.7726920163789812E-01
   2.899999999999792     -0.7260891962996634E-01 -0.2300432740504577    
   2.999999999999781     -0.1070754530300936     -0.4832449453863497    
   3.099999999999770     -0.1764442502513081     -0.9564580045601510    
   3.199999999999759     -0.3141758601290799      -1.914455694209005    
   3.299999999999748     -0.5950628286754285      -3.970380136819627    
   3.399999999999737      -1.192107633520633      -8.609511712786940    
   3.499999999999726      -2.522446361560714      -19.59552236207758    


  0.1000000000000001      0.9168291880751197      -1.639964739311611    
  0.2000000000000001      0.6811523311646540      -3.007112566436700    
  0.3000000000000002      0.3321772286849760      -3.873978068309345    
  0.4000000000000003     -0.7204183904828104E-01  -4.096465056788808    
  0.5000000000000003     -0.4642956757999716      -3.638235411492012    
  0.6000000000000004     -0.7794795887239050      -2.577172896322894    
  0.7000000000000005     -0.9655265836939949      -1.092403999049199    
  0.8000000000000006     -0.9921283575702028      0.5664017457267487    
  0.9000000000000007     -0.8556944303230786       2.122495526187024    
   1.000000000000001     -0.5796348702671252       3.320683484070168    
   1.099999999999990     -0.2098950505629901       3.972115430808734    
   1.199999999999979      0.1934261685341682       3.986497058080091    
   1.299999999999968      0.5667638778772655       3.385174727263102    
   1.399999999999957      0.8539936368617355       2.292356205782078    
   1.499999999999946       1.015428772884840      0.9064315760399755    
   1.599999999999935       1.033207271487929     -0.5421688000611845    
   1.699999999999924      0.9121793166015327      -1.837100743338514    
   1.799999999999913      0.6764109394500027      -2.816047142088349    
   1.899999999999902      0.3623596819824612      -3.396259140693090    
   1.999999999999891      0.1040772449560282E-01  -3.581600910120528    
   2.099999999999880     -0.3434061535499547      -3.452125006659629    
   2.199999999999869     -0.6739610349643745      -3.141896895697506    
   2.299999999999858     -0.9711824509770154      -2.813865942523100    
   2.399999999999847      -1.241921101683481      -2.641635346307318    
   2.499999999999836      -1.510754166002689      -2.807708528163392    
   2.599999999999825      -1.821840258275620      -3.528150402642801    
   2.699999999999814      -2.245124791023898      -5.118145994770531    
   2.799999999999803      -2.892268303425315      -8.128034721856306    
   2.899999999999792      -3.952282405101587      -13.61819033788119    
   2.999999999999781      -5.767693313024020      -23.73451706983004    
   3.099999999999770      -8.997875282369456      -42.97262953078871    
   3.199999999999759      -14.97896150656858      -81.08479605284720    
   3.299999999999748      -26.54696801933327      -160.0551228923333    
   3.399999999999737      -49.99928668437851      -331.5489139572886    
   3.499999999999726      -99.97423053500685      -722.4553314220793    


  0.1000000000000001      0.9582010716141799E-01  0.8756655901415096    
  0.2000000000000001      0.1678128597714872      0.5335847647779359    
  0.3000000000000002      0.1980775197961113      0.5885289081460103E-01
  0.4000000000000003      0.1790950311217340     -0.4304073344873284    
  0.5000000000000003      0.1155995670863082     -0.8124847024081362    
  0.6000000000000004      0.2339070373921387E-01 -0.9925248439076249    
  0.7000000000000005     -0.7462682441834149E-01 -0.9263290224862919    
  0.8000000000000006     -0.1541849643337725     -0.6313897473265518    
  0.9000000000000007     -0.1957199375798679     -0.1822012146564503    
   1.000000000000001     -0.1892126453079076      0.3090651938118359    
   1.099999999999990     -0.1365597851663035      0.7215095359831329    
   1.199999999999979     -0.5088371323421877E-01  0.9563720239305271    
   1.299999999999968      0.4699004441068380E-01  0.9614999189753789    
   1.399999999999957      0.1338952735209948      0.7428497417616312    
   1.499999999999946      0.1900522370845719      0.3601828378415018    
   1.599999999999935      0.2036286473931875     -0.9128334006291143E-01
   1.699999999999924      0.1729929922847938     -0.5074560302411902    
   1.799999999999913      0.1062286881811227     -0.8021896212581744    
   1.899999999999902      0.1827864369056398E-01 -0.9267610692132157    
   1.999999999999891     -0.7327411005221106E-01 -0.8771980998421159    
   2.099999999999880     -0.1525053548672227     -0.6887901182703160    
   2.199999999999869     -0.2083831062383963     -0.4210844620164926    
   2.299999999999858     -0.2362603055647332     -0.1391256862860350    
   2.399999999999847     -0.2375585121341100      0.1030596765560556    
   2.499999999999836     -0.2181001245233859      0.2724924443908114    
   2.599999999999825     -0.1858328598407397      0.3593792563120595    
   2.699999999999814     -0.1486895423761151      0.3726640436086919    
   2.799999999999803     -0.1131026215016376      0.3319321259688418    
   2.899999999999792     -0.8337710049626416E-01  0.2588065586129915    
   2.999999999999781     -0.6185402363204972E-01  0.1699674956463458    
   3.099999999999770     -0.4966452175325459E-01  0.7223767605851708E-01
   3.199999999999759     -0.4792700922573038E-01 -0.4180444389269888E-01
   3.299999999999748     -0.5951342203040270E-01 -0.2017971787359307    
   3.399999999999737     -0.9213755229666647E-01 -0.4802879338692724    
   3.499999999999726     -0.1649786724424495      -1.048429739745721    


  0.1000000000000001      0.8300921381798009      -3.298489372004728    
  0.2000000000000001      0.3781065403151808      -5.476084891883883    
  0.3000000000000002     -0.2023636084213718      -5.792833644371283    
  0.4000000000000003     -0.7140812415302265      -4.141484841712207    
  0.5000000000000003     -0.9832430046693378      -1.084224317594614    
  0.6000000000000004     -0.9185887375631558       2.338892353700429    
  0.7000000000000005     -0.5423435157471458       4.965199236556743    
  0.8000000000000006      0.1762775454499883E-01   5.906888130668756    
  0.9000000000000007      0.5717413497292236       4.853430940724213    
   1.000000000000001      0.9334726506759797       2.173719504808336    
   1.099999999999990      0.9825103443325195      -1.217434969933245    
   1.199999999999979      0.7044626126509264      -4.180163996239771    
   1.299999999999968      0.1937323450000095      -5.742426009439902    
   1.399999999999957     -0.3806123886894599      -5.424504584472192    
   1.499999999999946     -0.8330377407979929      -3.381850305182593    
   1.599999999999935      -1.022760736622437     -0.3223617151398301    
   1.699999999999924     -0.8967801556053415       2.761279583757829    
   1.799999999999913     -0.5011718161996022       4.937423607506821    
   1.899999999999902      0.4068961523022711E-01   5.630596621310427    
   1.999999999999891      0.5724968519884248       4.766225187103546    
   2.099999999999880      0.9545787044041734       2.730543682924141    
   2.199999999999869       1.101537113183544      0.1835327443108967    
   2.299999999999858      0.9973452057345475      -2.188299368024241    
   2.399999999999847      0.6867579875249655      -3.884121937321862    
   2.499999999999836      0.2501617624879877      -4.700892969521531    
   2.599999999999825     -0.2269450783289968      -4.730449690146865    
   2.699999999999814     -0.6795930383762186      -4.272981537640664    
   2.799999999999803      -1.078469547640373      -3.723427340295399    
   2.899999999999792      -1.434752265944964      -3.487656807474257    
   2.999999999999781      -1.799883209461175      -3.970852321574425    
   3.099999999999770      -2.269118562931850      -5.670214331502008    
   3.199999999999759      -3.001460285472821      -9.422550185473771    
   3.299999999999748      -4.277095648555331      -16.94250875432747    
   3.399999999999737      -6.637071285263088      -32.02596166488800    
   3.499999999999726      -11.21396639539510      -63.42755644555037    


  0.1000000000000001      0.1000000011904762       1.000000083333334    
  0.2000000000000001      0.2000001523809837       1.000005333335365    
  0.3000000000000002      0.3000026035775122       1.000060750263614    
  0.4000000000000003      0.4000195050179692       1.000341341655440    
  0.5000000000000003      0.5000930106102379       1.001302204438879    
  0.6000000000000004      0.6003333069810171       1.003889079860794    
  0.7000000000000005      0.7009807780894278       1.009810950777368    
  0.8000000000000006      0.8024987079920438       1.021879439474263    
  0.9000000000000007      0.9057037170697229       1.044427003193688    
   1.000000000000001       1.011942974023479       1.083830426139206    
   1.099999999999990       1.123331080624797       1.149192747840494    
   1.199999999999979       1.243066947273749       1.253282979434195    
   1.299999999999968       1.375864462531666       1.413910497172078    
   1.399999999999957       1.528554335902767       1.656039515502596    
   1.499999999999946       1.710954821089046       2.015163178923285    
   1.599999999999935       1.937177522282353       2.542820193106440    
   1.699999999999924       2.227651433430250       3.315769542033726    
   1.799999999999913       2.612350953896436       4.451471315841229    
   1.899999999999902       3.136071845423809       6.134604367893089    
   1.999999999999891       3.867247562149990       8.663279178909125    
   2.099999999999880       4.913001507213528       12.53118963077203    
   2.199999999999869       6.445419104661974       18.57694424782827    
   2.299999999999858       8.748486183926637       28.26218697086097    
   2.399999999999847       12.30406737841471       44.20317415887365    
   2.499999999999836       17.95363183851773       71.21487797577421    
   2.599999999999825       27.21112747279715       118.4211449476499    
   2.699999999999814       42.88643180395489       203.6483551610378    
   2.799999999999803       70.36679149918227       362.8624944163328    
   2.899999999999792       120.3374840192598       671.1067523268346    
   2.999999999999781       214.7570270678617       1290.551324535648    
   3.099999999999770       400.4517155043420       2584.713470981371    
   3.199999999999759       781.2040664874183       5400.102412289210    
   3.299999999999748       1596.449305402961       11787.66385227243    
   3.399999999999737       3422.111530411690       26925.37248720750    
   3.499999999999726       7704.765558546359       64456.55008410002    


  0.1000000000000001       1.000000016666667      0.1000000007575761E-05
  0.2000000000000001       1.000001066666925      0.3200001551515403E-04
  0.3000000000000002       1.000012150033551      0.2430013420251258E-03
  0.4000000000000003       1.000068267725842      0.1024031775349304E-02
  0.5000000000000003       1.000260432079978      0.3125369924204442E-02
  0.6000000000000004       1.000777737433603      0.7778748776857963E-02
  0.7000000000000005       1.001961690653298      0.1682198406815799E-01
  0.8000000000000006       1.004373406876199      0.3283311708679449E-01
  0.9000000000000007       1.008875195638083      0.5928704516136169E-01
   1.000000000000001       1.016729901229029      0.1007594348050313    
   1.099999999999990       1.029724724229923      0.1632218573130701    
   1.199999999999979       1.050332038919766      0.2545021954178679    
   1.299999999999968       1.081929306653933      0.3850315334850147    
   1.399999999999957       1.129115764438188      0.5690738647984133    
   1.499999999999946       1.198188843008531      0.8267582640943770    
   1.599999999999935       1.297884765562811       1.187442845964976    
   1.699999999999924       1.440557373148443       1.695308433250887    
   1.799999999999913       1.644089014091124       2.418746637962959    
   1.899999999999902       1.935039169562463       3.466342697953416    
   1.999999999999891       2.353920968064646       5.014593506046656    
   2.099999999999880       2.964211046381906       7.357028218853736    
   2.199999999999869       3.868061337366400       10.99335181480827    
   2.299999999999858       5.234342386833802       16.79535866172565    
   2.399999999999847       7.349973207889051       26.32398993032055    
   2.499999999999836       10.71643040922106       42.45209497353034    
   2.599999999999825       16.23641355177638       70.62311859609810    
   2.699999999999814       25.58577114602197       121.4719898644892    
   2.799999999999803       41.97793361103096       216.4546283273254    
   2.899999999999792       71.78689288020074       400.3380071728562    
   2.999999999999781       128.1116469160649       769.8637752315618    
   3.099999999999770       238.8858800694541       1541.885147039813    
   3.199999999999759       466.0200101529353       3221.379520356656    
   3.299999999999748       952.3468244283125       7031.819425237878    
   3.399999999999737       2041.428391721262       16062.07698509562    
   3.499999999999726       4596.205269980267       38450.94726505624    


  0.1000000000000001      0.1000000011904762       1.000000083333334    
  0.2000000000000001      0.2000001523809837       1.000005333335365    
  0.3000000000000002      0.3000026035775122       1.000060750263614    
  0.4000000000000003      0.4000195050179692       1.000341341655440    
  0.5000000000000003      0.5000930106102379       1.001302204438879    
  0.6000000000000004      0.6003333069810171       1.003889079860794    
  0.7000000000000005      0.7009807780894278       1.009810950777368    
  0.8000000000000006      0.8024987079920438       1.021879439474263    
  0.9000000000000007      0.9057037170697229       1.044427003193688    
   1.000000000000001       1.011942974023479       1.083830426139206    
   1.099999999999990       1.123331080624797       1.149192747840494    
   1.199999999999979       1.243066947273749       1.253282979434195    
   1.299999999999968       1.375864462531666       1.413910497172078    
   1.399999999999957       1.528554335902767       1.656039515502596    
   1.499999999999946       1.710954821089046       2.015163178923285    
   1.599999999999935       1.937177522282353       2.542820193106440    
   1.699999999999924       2.227651433430250       3.315769542033726    
   1.799999999999913       2.612350953896436       4.451471315841229    
   1.899999999999902       3.136071845423809       6.134604367893089    
   1.999999999999891       3.867247562149990       8.663279178909125    
   2.099999999999880       4.913001507213528       12.53118963077203    
   2.199999999999869       6.445419104661974       18.57694424782827    
   2.299999999999858       8.748486183926637       28.26218697086097    
   2.399999999999847       12.30406737841471       44.20317415887365    
   2.499999999999836       17.95363183851773       71.21487797577421    
   2.599999999999825       27.21112747279715       118.4211449476499    
   2.699999999999814       42.88643180395489       203.6483551610378    
   2.799999999999803       70.36679149918227       362.8624944163328    
   2.899999999999792       120.3374840192598       671.1067523268346    
   2.999999999999781       214.7570270678617       1290.551324535648    
   3.099999999999770       400.4517155043420       2584.713470981371    
   3.199999999999759       781.2040664874183       5400.102412289210    
   3.299999999999748       1596.449305402961       11787.66385227243    
   3.399999999999737       3422.111530411690       26925.37248720750    
   3.499999999999726       7704.765558546359       64456.55008410002    


