  -95.489475171114151        5.3185018277526451E-037
  -31.820515953774020        1.8927526064515562E-031
  -19.081136687728222        8.2054742600894060E-030
  -13.617408897797404        6.4967909134567510E-028
  -10.578894993405632        1.2212687094546494E-026
  -8.6427474610313055        1.3752537644706511E-025
  -7.3001780318985325        1.2779010889676641E-024
  -6.3137515146750385        7.5354725407237135E-020
  -5.5577663337511289        5.9991038337780068E-016
  -4.9594473584510688        3.2428744460404032E-013
  -4.4737428292115498        3.1677794269004545E-011
  -4.0712707129971948        9.8707519265814505E-010
  -3.7320508075688799        1.3929832958489325E-008
  -3.4420225766692205        1.1157719041790294E-007
  -3.1910038804976888        5.8976861665058804E-007
  -2.9714398745574400        2.2819397452747057E-006
  -2.7776068539149756        6.9544444083025720E-006
  -2.6050890646938019        1.7601634007086820E-005
  -2.4504251978885159        3.8470708103126234E-005
  -2.3108636538824077        7.4767997090355212E-005
  -2.1841894364376602        1.3213145252446626E-004
  -2.0685993549187920        2.1602140125533451E-004
  -1.9626105055051501        3.3117296026432581E-004
  -1.8649921184853129        4.8120105272423964E-004
  -1.7747140955927685        6.6838920942155987E-004
  -1.6909076557850105        8.9364809990690516E-004
  -1.6128348909908177        1.1566051381791495E-003
  -1.5398649638145820        1.4557793428385836E-003
  -1.4714553158199697        1.7887995427538651E-003
  -1.4071366974211938        2.1526331411374166E-003
  -1.3465011422702085        2.5438029066696248E-003
  -1.2891922317850657        2.9585784048167751E-003
  -1.2348971565350515        3.3931357966785203E-003
  -1.1833401989958212        3.8436847171092452E-003
  -1.1342773492554055        4.3065640835132498E-003
  -1.0874918302460013        4.7783104131651401E-003
  -1.0427903580444768        5.2557029540234966E-003
 -0.99999999999999978        5.7357900176200445E-003
 -0.95896552196289853        6.2159006034747484E-003
 -0.91954713790703979        6.6936449141254024E-003
 -0.88161859236318962        7.1669067966872368E-003
 -0.84506551949185571        7.6338305901585647E-003
 -0.80978403319500680        8.0928043450908364E-003
 -0.77567951104961264        8.5424409369349221E-003
 -0.74266554153381104        8.9815582183679146E-003
 -0.71066300938115168        9.4091590500678807E-003
 -0.67959929822452603        9.8244118038631131E-003
 -0.64940759319750996        1.0226631741494678E-002
 -0.62002626901608426        1.0615263524828014E-002
 -0.59139835139947117        1.0989865003691517E-002
 -0.56347104160796824        1.1350092345803250E-002
 -0.53619529545903266        1.1695686515607547E-002
 -0.50952544949442868        1.2026461067871561E-002
 -0.48341888806170352        1.2342291195470340E-002
 -0.45783574598317162        1.2643103953568446E-002
 -0.43273864224742598        1.2928869573588424E-002
 -0.40809244079830753        1.3199593776119949E-002
 -0.38386403503541555        1.3455310992328965E-002
 -0.36002215309575658        1.3696078405715673E-002
 -0.33653718137202310        1.3921970730792753E-002
 -0.31338100405068520        1.4133075650381108E-002
 -0.29052685673191658        1.4329489839536637E-002
 -0.26794919243112253        1.4511315510088888E-002
 -0.24562355846482550        1.4678657416263050E-002
 -0.22352648289714913        1.4831620267676909E-002
 -0.20163536937154192        1.4970306501998423E-002
 -0.17992839927925944        1.5094814374799004E-002
 -0.15838444032453600        1.5205236329390011E-002
 -0.13698296063882870        1.5301657613986533E-002
 -0.11570394767506863        1.5384155118034157E-002
  -9.4527831179282110E-002   1.5452796403425527E-002
  -7.3435409592623749E-002   1.5507638910162509E-002
  -5.2407779283041217E-002   1.5548729319356115E-002
  -3.1426266043351130E-002   1.5576103059744903E-002
  -1.0472358322297141E-002   1.5589783946861184E-002
   1.0472358322297265E-002   1.5589783946861540E-002
   3.1426266043351032E-002   1.5576103059746035E-002
   5.2407779283041342E-002   1.5548729319357942E-002
   7.3435409592623874E-002   1.5507638910165173E-002
   9.4527831179282248E-002   1.5452796403428570E-002
  0.11570394767506877        1.5384155118037365E-002
  0.13698296063882881        1.5301657613989671E-002
  0.15838444032453633        1.5205236329392718E-002
  0.17992839927925955        1.5094814374801273E-002
  0.20163536937154181        1.4970306502000111E-002
  0.22352648289714927        1.4831620267677629E-002
  0.24562355846482567        1.4678657416263122E-002
  0.26794919243112292        1.4511315510088449E-002
  0.29052685673191647        1.4329489839535792E-002
  0.31338100405068536        1.4133075650380033E-002
  0.33653718137202321        1.3921970730791542E-002
  0.36002215309575669        1.3696078405714436E-002
  0.38386403503541566        1.3455310992327631E-002
  0.40809244079830770        1.3199593776118578E-002
  0.43273864224742592        1.2928869573586872E-002
  0.45783574598317212        1.2643103953566711E-002
  0.48341888806170358        1.2342291195468234E-002
  0.50952544949442891        1.2026461067869290E-002
  0.53619529545903277        1.1695686515605059E-002
  0.56347104160796835        1.1350092345800589E-002
  0.59139835139947095        1.0989865003688735E-002
  0.62002626901608437        1.0615263524825124E-002
  0.64940759319751051        1.0226631741491778E-002
  0.67959929822452658        9.8244118038602508E-003
  0.71066300938115157        9.4091590500651242E-003
  0.74266554153381070        8.9815582183652397E-003
  0.77567951104961330        8.5424409369322454E-003
  0.80978403319500714        8.0928043450880834E-003
  0.84506551949185604        7.6338305901557761E-003
  0.88161859236318929        7.1669067966844240E-003
  0.91954713790703990        6.6936449141226798E-003
  0.95896552196289875        6.2159006034719338E-003
   1.0000000000000002        5.7357900176171987E-003
   1.0427903580444771        5.2557029540207193E-003
   1.0874918302460024        4.7783104131625754E-003
   1.1342773492554055        4.3065640835109036E-003
   1.1833401989958212        3.8436847171070994E-003
   1.2348971565350515        3.3931357966764096E-003
   1.2891922317850668        2.9585784048146231E-003
   1.3465011422702096        2.5438029066673922E-003
   1.4071366974211936        2.1526331411352074E-003
   1.4714553158199692        1.7887995427518049E-003
   1.5398649638145827        1.4557793428367641E-003
   1.6128348909908186        1.1566051381776601E-003
   1.6909076557850113        8.9364809990578322E-004
   1.7747140955927678        6.6838920942083769E-004
   1.8649921184853133        4.8120105272371542E-004
   1.9626105055051506        3.3117296026395431E-004
   2.0685993549187929        2.1602140125509919E-004
   2.1841894364376611        1.3213145252426796E-004
   2.3108636538824112        7.4767997090255533E-005
   2.4504251978885159        3.8470708103163849E-005
   2.6050890646938019        1.7601634007169477E-005
   2.7776068539149752        6.9544444083626809E-006
   2.9714398745574431        2.2819397452863139E-006
   3.1910038804976928        5.8976861663808085E-007
   3.4420225766692183        1.1157719041806679E-007
   3.7320508075688767        1.3929832961462368E-008
   4.0712707129971992        9.8707519248717715E-010
   4.4737428292115542        3.1677794271556280E-011
   4.9594473584510741        3.2428744718025162E-013
   5.5577663337511334        5.9990977027646366E-016
   6.3137515146750438        7.5360909045812838E-020
   7.3001780318985379        1.2926122679605092E-024
   8.6427474610313109        1.3589486035936761E-025
   10.578894993405637        1.2819796110233541E-026
   13.617408897797487        6.1025991575209916E-028
   19.081136687728215        1.0883168778643665E-029
   31.820515953773956        5.1283474125790159E-032
   95.489475171113384        4.2934634343516554E-033
 
 
  -95.489475171114151        1.4508841762659806E-034
  -31.820515953774020        1.0398728314207639E-029
  -19.081136687728222        2.0324495601388697E-027
  -13.617408897797404        8.6567163203246714E-026
  -10.578894993405632        1.3739594875823551E-024
  -8.6427474610313055        1.0190954853485581E-023
  -7.3001780318985325        8.9640699561378587E-023
  -6.3137515146750385        9.4586311737019530E-018
  -5.5577663337511289        5.7995274550738178E-014
  -4.9594473584510688        2.4966076296305759E-011
  -4.4737428292115498        1.9844856077226271E-009
  -4.0712707129971948        5.1210786816775129E-008
  -3.7320508075688799        6.0728452504068731E-007
  -3.4420225766692205        4.1376530274663020E-006
  -3.1910038804976888        1.8796956648969013E-005
  -2.9714398745574400        6.3065128317884957E-005
  -2.7776068539149756        1.6794040918358878E-004
  -2.6050890646938019        3.7389473967413249E-004
  -2.4504251978885159        7.2304328386653687E-004
  -2.3108636538824077        1.2497283086149228E-003
  -2.1841894364376602        1.9730497265590826E-003
  -2.0685993549187920        2.8933486241139411E-003
  -1.9626105055051501        3.9927702915097995E-003
  -1.8649921184853129        5.2387996196593687E-003
  -1.7747140955927685        6.5892721364395829E-003
  -1.6909076557850105        7.9975605003343320E-003
  -1.6128348909908177        9.4170777141822787E-003
  -1.5398649638145820        1.0804683380048145E-002
  -1.4714553158199697        1.2122914680159014E-002
  -1.4071366974211938        1.3341166918304934E-002
  -1.3465011422702085        1.4436041719962928E-002
  -1.2891922317850657        1.5391099994002056E-002
  -1.2348971565350515        1.6196233862740991E-002
  -1.1833401989958212        1.6846830642986074E-002
  -1.1342773492554055        1.7342857282349650E-002
  -1.0874918302460013        1.7687953275141149E-002
  -1.0427903580444768        1.7888587193056197E-002
 -0.99999999999999978        1.7953307139515019E-002
 -0.95896552196289853        1.7892097837298917E-002
 -0.91954713790703979        1.7715845371090912E-002
 -0.88161859236318962        1.7435903405040309E-002
 -0.84506551949185571        1.7063750744126274E-002
 -0.80978403319500680        1.6610728373968275E-002
 -0.77567951104961264        1.6087843830071277E-002
 -0.74266554153381104        1.5505631336060827E-002
 -0.71066300938115168        1.4874057223826054E-002
 -0.67959929822452603        1.4202461433045105E-002
 -0.64940759319750996        1.3499527220449115E-002
 -0.62002626901608426        1.2773272482520717E-002
 -0.59139835139947117        1.2031057258636730E-002
 -0.56347104160796824        1.1279603005367645E-002
 -0.53619529545903266        1.0525020114668038E-002
 -0.50952544949442868        9.7728408912399808E-003
 -0.48341888806170352        9.0280558220489394E-003
 -0.45783574598317162        8.2951514759002417E-003
 -0.43273864224742598        7.5781487805613298E-003
 -0.40809244079830753        6.8806407520029091E-003
 -0.38386403503541555        6.2058290100110748E-003
 -0.36002215309575658        5.5565586172645273E-003
 -0.33653718137202310        4.9353509364900693E-003
 -0.31338100405068520        4.3444343202541664E-003
 -0.29052685673191658        3.7857725385369925E-003
 -0.26794919243112253        3.2610909157843723E-003
 -0.24562355846482550        2.7719001972531100E-003
 -0.22352648289714913        2.3195181976513168E-003
 -0.20163536937154192        1.9050893070331040E-003
 -0.17992839927925944        1.5296019418520397E-003
 -0.15838444032453600        1.1939040353998837E-003
 -0.13698296063882870        8.9871666290899455E-004
 -0.11570394767506863        6.4464589388347733E-004
  -9.4527831179282110E-002   4.3219295854332010E-004
  -7.3435409592623749E-002   2.6176280753779381E-004
  -5.2407779283041217E-002   1.3367113476090288E-004
  -3.1426266043351130E-002   4.8149922727471189E-005
  -1.0472358322297141E-002   5.3515587886142799E-006
   1.0472358322297265E-002   5.3515587888353690E-006
   3.1426266043351032E-002   4.8149922728127517E-005
   5.2407779283041342E-002   1.3367113476198656E-004
   7.3435409592623874E-002   2.6176280753928985E-004
   9.4527831179282248E-002   4.3219295854516135E-004
  0.11570394767506877        6.4464589388569789E-004
  0.13698296063882881        8.9871666291164401E-004
  0.15838444032453633        1.1939040354030271E-003
  0.17992839927925955        1.5296019418557169E-003
  0.20163536937154181        1.9050893070373049E-003
  0.22352648289714927        2.3195181976560417E-003
  0.24562355846482567        2.7719001972583224E-003
  0.26794919243112292        3.2610909157901190E-003
  0.29052685673191647        3.7857725385432644E-003
  0.31338100405068536        4.3444343202609570E-003
  0.33653718137202321        4.9353509364974827E-003
  0.36002215309575669        5.5565586172726458E-003
  0.38386403503541566        6.2058290100198447E-003
  0.40809244079830770        6.8806407520124709E-003
  0.43273864224742592        7.5781487805714129E-003
  0.45783574598317212        8.2951514759105321E-003
  0.48341888806170358        9.0280558220593998E-003
  0.50952544949442891        9.7728408912507534E-003
  0.53619529545903277        1.0525020114679123E-002
  0.56347104160796835        1.1279603005378993E-002
  0.59139835139947095        1.2031057258648089E-002
  0.62002626901608437        1.2773272482532273E-002
  0.64940759319751051        1.3499527220461426E-002
  0.67959929822452658        1.4202461433058054E-002
  0.71066300938115157        1.4874057223839523E-002
  0.74266554153381070        1.5505631336074509E-002
  0.77567951104961330        1.6087843830084950E-002
  0.80978403319500714        1.6610728373982017E-002
  0.84506551949185604        1.7063750744140554E-002
  0.88161859236318929        1.7435903405055013E-002
  0.91954713790703990        1.7715845371105713E-002
  0.95896552196289875        1.7892097837313003E-002
   1.0000000000000002        1.7953307139528005E-002
   1.0427903580444771        1.7888587193067990E-002
   1.0874918302460024        1.7687953275151883E-002
   1.1342773492554055        1.7342857282359465E-002
   1.1833401989958212        1.6846830642994953E-002
   1.2348971565350515        1.6196233862748013E-002
   1.2891922317850668        1.5391099994006953E-002
   1.3465011422702096        1.4436041719965900E-002
   1.4071366974211936        1.3341166918306226E-002
   1.4714553158199692        1.2122914680159075E-002
   1.5398649638145827        1.0804683380047165E-002
   1.6128348909908186        9.4170777141804156E-003
   1.6909076557850113        7.9975605003317733E-003
   1.7747140955927678        6.5892721364365523E-003
   1.8649921184853133        5.2387996196559157E-003
   1.9626105055051506        3.9927702915063005E-003
   2.0685993549187929        2.8933486241107171E-003
   2.1841894364376611        1.9730497265562988E-003
   2.3108636538824112        1.2497283086127838E-003
   2.4504251978885159        7.2304328386500576E-004
   2.6050890646938019        3.7389473967308233E-004
   2.7776068539149752        1.6794040918290777E-004
   2.9714398745574431        6.3065128317353535E-005
   3.1910038804976928        1.8796956648640588E-005
   3.4420225766692183        4.1376530273671017E-006
   3.7320508075688767        6.0728452503085654E-007
   4.0712707129971992        5.1210786812451708E-008
   4.4737428292115542        1.9844856071450069E-009
   4.9594473584510741        2.4966076184448771E-011
   5.5577663337511334        5.7995267507668323E-014
   6.3137515146750438        9.4586698911088789E-018
   7.3001780318985379        8.9677629952603225E-023
   8.6427474610313109        1.0194338570406403E-023
   10.578894993405637        1.3894237227181150E-024
   13.617408897797487        8.6505402083835021E-026
   19.081136687728215        2.1553233693719429E-027
   31.820515953773956        9.3043782812981492E-030
   95.489475171113384        1.9237084115452519E-035
 
 
  -95.489475171114151        6.2719524678253690E-033
  -31.820515953774020        3.9944975165727315E-028
  -19.081136687728222        7.6823749897142106E-026
  -13.617408897797404        2.5387156902706334E-024
  -10.578894993405632        3.0110364432785522E-023
  -8.6427474610313055        1.2274333502442241E-022
  -7.3001780318985325        1.4808289862905100E-021
  -6.3137515146750385        4.3611771290616381E-016
  -5.5577663337511289        2.0455889700130688E-012
  -4.9594473584510688        6.9537832047989627E-010
  -4.4737428292115498        4.4550879687965120E-008
  -4.0712707129971948        9.4201529507289454E-007
  -3.7320508075688799        9.2762867874732086E-006
  -3.4420225766692205        5.3060305617497079E-005
  -3.1910038804976888        2.0419713388528560E-004
  -2.9714398745574400        5.8469555566396339E-004
  -2.7776068539149756        1.3370251743940085E-003
  -2.6050890646938019        2.5689861694794796E-003
  -2.4504251978885159        4.3049844488994779E-003
  -2.3108636538824077        6.4686734055304403E-003
  -2.1841894364376602        8.9000703051897584E-003
  -2.0685993549187920        1.1393751901779872E-002
  -1.9626105055051501        1.3740858996577154E-002
  -1.8649921184853129        1.5762513071165555E-002
  -1.7747140955927685        1.7329492048270480E-002
  -1.6909076557850105        1.8368639326221740E-002
  -1.6128348909908177        1.8859379402653864E-002
  -1.5398649638145820        1.8824395887514802E-002
  -1.4714553158199697        1.8317950948636162E-002
  -1.4071366974211938        1.7414286178009122E-002
  -1.3465011422702085        1.6197522078665847E-002
  -1.2891922317850657        1.4753674926739554E-002
  -1.2348971565350515        1.3164878061434253E-002
  -1.1833401989958212        1.1505591463804402E-002
  -1.1342773492554055        9.8404465249992291E-003
  -1.0874918302460013        8.2233418908294366E-003
  -1.0427903580444768        6.6974348414132216E-003
 -0.99999999999999978        5.2957284488393958E-003
 -0.95896552196289853        4.0420181660205277E-003
 -0.91954713790703979        2.9520213685541980E-003
 -0.88161859236318962        2.0345648019377215E-003
 -0.84506551949185571        1.2927461665406107E-003
 -0.80978403319500680        7.2501770585965892E-004
 -0.77567951104961264        3.2616281197570771E-004
 -0.74266554153381104        8.8152975843870790E-005
 -0.71066300938115168        8.8335229676115889E-007
 -0.67959929822452603        5.2792175313217569E-005
 -0.64940759319750996        2.3137331840012793E-004
 -0.62002626901608426        5.2359334024633776E-004
 -0.59139835139947117        9.1622503458494830E-004
 -0.56347104160796824        1.3961093038449420E-003
 -0.53619529545903266        1.9503564518576935E-003
 -0.50952544949442868        2.5664969720276391E-003
 -0.48341888806170352        3.2325907751884981E-003
 -0.45783574598317162        3.9373026402318399E-003
 -0.43273864224742598        4.6699505719593045E-003
 -0.40809244079830753        5.4205327233320397E-003
 -0.38386403503541555        6.1797376324009478E-003
 -0.36002215309575658        6.9389417111708198E-003
 -0.33653718137202310        7.6901972355933861E-003
 -0.31338100405068520        8.4262134822572533E-003
 -0.29052685673191658        9.1403331627405993E-003
 -0.26794919243112253        9.8265058772290977E-003
 -0.24562355846482550        1.0479259967476479E-002
 -0.22352648289714913        1.1093673853625065E-002
 -0.20163536937154192        1.1665347711593306E-002
 -0.17992839927925944        1.2190376150062736E-002
 -0.15838444032453600        1.2665322399260865E-002
 -0.13698296063882870        1.3087194395341489E-002
 -0.11570394767506863        1.3453423053094892E-002
  -9.4527831179282110E-002   1.3761842939094786E-002
  -7.3435409592623749E-002   1.4010675503481477E-002
  -5.2407779283041217E-002   1.4198514980035163E-002
  -3.1426266043351130E-002   1.4324317033956209E-002
  -1.0472358322297141E-002   1.4387390208970280E-002
   1.0472358322297265E-002   1.4387390208970667E-002
   3.1426266043351032E-002   1.4324317033957404E-002
   5.2407779283041342E-002   1.4198514980037085E-002
   7.3435409592623874E-002   1.4010675503484281E-002
   9.4527831179282248E-002   1.3761842939097978E-002
  0.11570394767506877        1.3453423053098353E-002
  0.13698296063882881        1.3087194395344870E-002
  0.15838444032453633        1.2665322399263964E-002
  0.17992839927925955        1.2190376150065265E-002
  0.20163536937154181        1.1665347711594999E-002
  0.22352648289714927        1.1093673853625363E-002
  0.24562355846482567        1.0479259967475840E-002
  0.26794919243112292        9.8265058772277654E-003
  0.29052685673191647        9.1403331627389599E-003
  0.31338100405068536        8.4262134822553954E-003
  0.33653718137202321        7.6901972355912515E-003
  0.36002215309575669        6.9389417111685959E-003
  0.38386403503541566        6.1797376323985869E-003
  0.40809244079830770        5.4205327233296944E-003
  0.43273864224742592        4.6699505719569054E-003
  0.45783574598317212        3.9373026402294070E-003
  0.48341888806170358        3.2325907751859801E-003
  0.50952544949442891        2.5664969720252304E-003
  0.53619529545903277        1.9503564518553430E-003
  0.56347104160796835        1.3961093038428103E-003
  0.59139835139947095        9.1622503458312641E-004
  0.62002626901608437        5.2359334024489773E-004
  0.64940759319751051        2.3137331839911788E-004
  0.67959929822452658        5.2792175312716267E-005
  0.71066300938115157        8.8335229682735017E-007
  0.74266554153381070        8.8152975844551465E-005
  0.77567951104961330        3.2616281197705321E-004
  0.80978403319500714        7.2501770586173712E-004
  0.84506551949185604        1.2927461665434728E-003
  0.88161859236318929        2.0345648019414013E-003
  0.91954713790703990        2.9520213685587122E-003
  0.95896552196289875        4.0420181660256963E-003
   1.0000000000000002        5.2957284488451542E-003
   1.0427903580444771        6.6974348414194128E-003
   1.0874918302460024        8.2233418908359713E-003
   1.1342773492554055        9.8404465250059026E-003
   1.1833401989958212        1.1505591463811127E-002
   1.2348971565350515        1.3164878061440849E-002
   1.2891922317850668        1.4753674926745791E-002
   1.3465011422702096        1.6197522078671200E-002
   1.4071366974211936        1.7414286178013355E-002
   1.4714553158199692        1.8317950948638868E-002
   1.5398649638145827        1.8824395887515943E-002
   1.6128348909908186        1.8859379402652865E-002
   1.6909076557850113        1.8368639326218340E-002
   1.7747140955927678        1.7329492048264370E-002
   1.8649921184853133        1.5762513071157540E-002
   1.9626105055051506        1.3740858996568066E-002
   2.0685993549187929        1.1393751901770471E-002
   2.1841894364376611        8.9000703051809286E-003
   2.3108636538824112        6.4686734055225178E-003
   2.4504251978885159        4.3049844488927506E-003
   2.6050890646938019        2.5689861694745855E-003
   2.7776068539149752        1.3370251743909029E-003
   2.9714398745574431        5.8469555566210236E-004
   3.1910038804976928        2.0419713388476881E-004
   3.4420225766692183        5.3060305617428612E-005
   3.7320508075688767        9.2762867874611570E-006
   4.0712707129971992        9.4201529507784206E-007
   4.4737428292115542        4.4550879685666465E-008
   4.9594473584510741        6.9537831924303357E-010
   5.5577663337511334        2.0455889245118780E-012
   6.3137515146750438        4.3611761037946863E-016
   7.3001780318985379        1.4806246072894396E-021
   8.6427474610313109        1.2272678131899756E-022
   10.578894993405637        3.0143574965412279E-023
   13.617408897797487        2.5372637585803942E-024
   19.081136687728215        7.7064295711006637E-026
   31.820515953773956        4.0543748985850636E-028
   95.489475171113384        9.6802460439436055E-034
 
 
  -95.489475171114151        9.9572392732723222E-032
  -31.820515953774020        5.9938408731731269E-027
  -19.081136687728222        9.7576312068111883E-025
  -13.617408897797404        2.3798706034214192E-023
  -10.578894993405632        1.4064678351821844E-022
  -8.6427474610313055        1.3150276198296780E-024
  -7.3001780318985325        9.2909416078442604E-021
  -6.3137515146750385        1.2914865648107223E-014
  -5.5577663337511289        4.6055969421119071E-011
  -4.9594473584510688        1.2246909609950829E-008
  -4.4737428292115498        6.2554911160775370E-007
  -4.0712707129971948        1.0702511253108250E-005
  -3.7320508075688799        8.6258996703692642E-005
  -3.4420225766692205        4.0740096104280267E-004
  -3.1910038804976888        1.3030863292397058E-003
  -2.9714398745574400        3.1155026451469203E-003
  -2.7776068539149756        5.9655008473975778E-003
  -2.6050890646938019        9.6090291548947080E-003
  -2.4504251978885159        1.3491775145539540E-002
  -2.3108636538824077        1.6947049007741567E-002
  -2.1841894364376602        1.9409330487278602E-002
  -2.0685993549187920        2.0549706696255190E-002
  -1.9626105055051501        2.0308851064609567E-002
  -1.8649921184853129        1.8852360517345807E-002
  -1.7747140955927685        1.6489046956545246E-002
  -1.6909076557850105        1.3586254599306957E-002
  -1.6128348909908177        1.0502017667651539E-002
  -1.5398649638145820        7.5409735515532669E-003
  -1.4714553158199697        4.9326678726137703E-003
  -1.4071366974211938        2.8270450606932172E-003
  -1.3465011422702085        1.3011086174561798E-003
  -1.2891922317850657        3.7152173697459705E-004
  -1.2348971565350515        9.2871177853125950E-006
  -1.1833401989958212        1.5401252891685587E-004
  -1.1342773492554055        7.2638286209672422E-004
  -1.0874918302460013        1.6382553712719307E-003
  -1.0427903580444768        2.8003046323471044E-003
 -0.99999999999999978        4.1274322644629631E-003
 -0.95896552196289853        5.5422906793146957E-003
 -0.91954713790703979        6.9773069443831775E-003
 -0.88161859236318962        8.3755729745103331E-003
 -0.84506551949185571        9.6909213456102955E-003
 -0.80978403319500680        1.0887448523507079E-002
 -0.77567951104961264        1.1938691167937797E-002
 -0.74266554153381104        1.2826610047769891E-002
 -0.71066300938115168        1.3540493902542014E-002
 -0.67959929822452603        1.4075860839104537E-002
 -0.64940759319750996        1.4433408715442920E-002
 -0.62002626901608426        1.4618045553089818E-002
 -0.59139835139947117        1.4638016925969595E-002
 -0.56347104160796824        1.4504136608865825E-002
 -0.53619529545903266        1.4229120250476818E-002
 -0.50952544949442868        1.3827016969003349E-002
 -0.48341888806170352        1.3312731496354180E-002
 -0.45783574598317162        1.2701627746525047E-002
 -0.43273864224742598        1.2009204548078006E-002
 -0.40809244079830753        1.1250834036174469E-002
 -0.38386403503541555        1.0441553990835838E-002
 -0.36002215309575658        9.5959057845969066E-003
 -0.33653718137202310        8.7278106841630586E-003
 -0.31338100405068520        7.8504778019207189E-003
 -0.29052685673191658        6.9763380607874024E-003
 -0.26794919243112253        6.1169990612118842E-003
 -0.24562355846482550        5.2832166686945965E-003
 -0.22352648289714913        4.4848795670726577E-003
 -0.20163536937154192        3.7310037803388908E-003
 -0.17992839927925944        3.0297344833022707E-003
 -0.15838444032453600        2.3883530140926907E-003
 -0.13698296063882870        1.8132872250822517E-003
 -0.11570394767506863        1.3101237596257927E-003
  -9.4527831179282110E-002   8.8362099561542875E-004
  -7.3435409592623749E-002   5.3772173238402594E-004
  -5.2407779283041217E-002   2.7556480577673424E-004
  -3.1426266043351130E-002   9.9495061532003324E-005
  -1.0472358322297141E-002   1.1071202516351868E-005
   1.0472358322297265E-002   1.1071202516033563E-005
   3.1426266043351032E-002   9.9495061530977059E-005
   5.2407779283041342E-002   2.7556480577486535E-004
   7.3435409592623874E-002   5.3772173238114576E-004
   9.4527831179282248E-002   8.8362099561116773E-004
  0.11570394767506877        1.3101237596199228E-003
  0.13698296063882881        1.8132872250748648E-003
  0.15838444032453633        2.3883530140838172E-003
  0.17992839927925955        3.0297344832918944E-003
  0.20163536937154181        3.7310037803270132E-003
  0.22352648289714927        4.4848795670591459E-003
  0.24562355846482567        5.2832166686794845E-003
  0.26794919243112292        6.1169990611951676E-003
  0.29052685673191647        6.9763380607692684E-003
  0.31338100405068536        7.8504778019013403E-003
  0.33653718137202321        8.7278106841426530E-003
  0.36002215309575669        9.5959057845756476E-003
  0.38386403503541566        1.0441553990813708E-002
  0.40809244079830770        1.1250834036151880E-002
  0.43273864224742592        1.2009204548054826E-002
  0.45783574598317212        1.2701627746501059E-002
  0.48341888806170358        1.3312731496329203E-002
  0.50952544949442891        1.3827016968977982E-002
  0.53619529545903277        1.4229120250451496E-002
  0.56347104160796835        1.4504136608840798E-002
  0.59139835139947095        1.4638016925944998E-002
  0.62002626901608437        1.4618045553066113E-002
  0.64940759319751051        1.4433408715420934E-002
  0.67959929822452658        1.4075860839084514E-002
  0.71066300938115157        1.3540493902523907E-002
  0.74266554153381070        1.2826610047753900E-002
  0.77567951104961330        1.1938691167924068E-002
  0.80978403319500714        1.0887448523495633E-002
  0.84506551949185604        9.6909213456016566E-003
  0.88161859236318929        8.3755729745045946E-003
  0.91954713790703990        6.9773069443798789E-003
  0.95896552196289875        5.5422906793132247E-003
   1.0000000000000002        4.1274322644628990E-003
   1.0427903580444771        2.8003046323480472E-003
   1.0874918302460024        1.6382553712733883E-003
   1.1342773492554055        7.2638286209829892E-004
   1.1833401989958212        1.5401252891784773E-004
   1.2348971565350515        9.2871177850150103E-006
   1.2891922317850668        3.7152173697244491E-004
   1.3465011422702096        1.3011086174515643E-003
   1.4071366974211936        2.8270450606852566E-003
   1.4714553158199692        4.9326678726017868E-003
   1.5398649638145827        7.5409735515367350E-003
   1.6128348909908186        1.0502017667629848E-002
   1.6909076557850113        1.3586254599279897E-002
   1.7747140955927678        1.6489046956513539E-002
   1.8649921184853133        1.8852360517311317E-002
   1.9626105055051506        2.0308851064574262E-002
   2.0685993549187929        2.0549706696221106E-002
   2.1841894364376611        1.9409330487248022E-002
   2.3108636538824112        1.6947049007716347E-002
   2.4504251978885159        1.3491775145521375E-002
   2.6050890646938019        9.6090291548840395E-003
   2.7776068539149752        5.9655008473932982E-003
   2.9714398745574431        3.1155026451469624E-003
   3.1910038804976928        1.3030863292423189E-003
   3.4420225766692183        4.0740096104456905E-004
   3.7320508075688767        8.6258996704153876E-005
   4.0712707129971992        1.0702511253198216E-005
   4.4737428292115542        6.2554911160464456E-007
   4.9594473584510741        1.2246909606319469E-008
   5.5577663337511334        4.6055969287661267E-011
   6.3137515146750438        1.2914866137177596E-014
   7.3001780318985379        9.2912280342670225E-021
   8.6427474610313109        1.3213039931751478E-024
   10.578894993405637        1.4060236292521973E-022
   13.617408897797487        2.3779671377472696E-023
   19.081136687728215        9.7435737661003109E-025
   31.820515953773956        5.9747974100981177E-027
   95.489475171113384        1.4531183642040839E-031
 
 
  -95.489475171114151        3.9841207529016155E-031
  -31.820515953774020        2.0010035662299066E-026
  -19.081136687728222        1.9391704583036176E-024
  -13.617408897797404        5.6948645045954585E-024
  -10.578894993405632        7.7225648489278358E-022
  -8.6427474610313055        5.7787147736976959E-020
  -7.3001780318985325        3.0883979776173368E-020
  -6.3137515146750385        2.6434408935357443E-013
  -5.5577663337511289        7.1213357253677877E-010
  -4.9594473584510688        1.4655897155433972E-007
  -4.4737428292115498        5.8931880591787254E-006
  -4.0712707129971948        8.0357084429528476E-005
  -3.7320508075688799        5.2056077905270331E-004
  -3.4420225766692205        1.9862521638766817E-003
  -3.1910038804976888        5.1424880128402009E-003
  -2.9714398745574400        9.9394290779401210E-003
  -2.7776068539149756        1.5311631548319611E-002
  -2.6050890646938019        1.9664056648932501E-002
  -2.4504251978885159        2.1697566865023648E-002
  -2.3108636538824077        2.0954300463607380E-002
  -2.1841894364376602        1.7852620992500529E-002
  -2.0685993549187920        1.3363577142468264E-002
  -1.9626105055051501        8.5957048175952927E-003
  -1.8649921184853129        4.4761272759042126E-003
  -1.7747140955927685        1.5921393353595182E-003
  -1.6909076557850105        1.7220407581433668E-004
  -1.6128348909908177        1.5246127041137038E-004
  -1.5398649638145820        1.2768656897901001E-003
  -1.4714553158199697        3.1953558665955813E-003
  -1.4071366974211938        5.5417908959313296E-003
  -1.3465011422702085        7.9862290576131114E-003
  -1.2891922317850657        1.0263594677380397E-002
  -1.2348971565350515        1.2184031689079815E-002
  -1.1833401989958212        1.3630849801904682E-002
  -1.1342773492554055        1.4551218187643374E-002
  -1.0874918302460013        1.4943525068692884E-002
  -1.0427903580444768        1.4844066216109252E-002
 -0.99999999999999978        1.4314681156647890E-002
 -0.95896552196289853        1.3432171789330529E-002
 -0.91954713790703979        1.2279809155543876E-002
 -0.88161859236318962        1.0940901172173294E-002
 -0.84506551949185571        9.4942137879095150E-003
 -0.80978403319500680        8.0109538296199365E-003
 -0.77567951104961264        6.5530048229261919E-003
 -0.74266554153381104        5.1721232876444237E-003
 -0.71066300938115168        3.9098404543611767E-003
 -0.67959929822452603        2.7978560397008238E-003
 -0.64940759319750996        1.8587543394352980E-003
 -0.62002626901608426        1.1069109312363621E-003
 -0.59139835139947117        5.4949224799357192E-004
 -0.56347104160796824        1.8747723750065252E-004
 -0.53619529545903266        1.6652582551049601E-005
 -0.50952544949442868        2.8549621346233170E-005
 -0.48341888806170352        2.1130406474666115E-004
 -0.45783574598317162        5.5042887347816485E-004
 -0.43273864224742598        1.0294973645201065E-003
 -0.40809244079830753        1.6307382138813101E-003
 -0.38386403503541555        2.3355469401298628E-003
 -0.36002215309575658        3.1249203716376471E-003
 -0.33653718137202310        3.9798214102508426E-003
 -0.31338100405068520        4.8814819195912894E-003
 -0.29052685673191658        5.8116513126143061E-003
 -0.26794919243112253        6.7527982758709658E-003
 -0.24562355846482550        7.6882723547068406E-003
 -0.22352648289714913        8.6024317412700720E-003
 -0.20163536937154192        9.4807427604761685E-003
 -0.17992839927925944        1.0309856122311570E-002
 -0.15838444032453600        1.1077664190532337E-002
 -0.13698296063882870        1.1773343130459321E-002
 -0.11570394767506863        1.2387383078343939E-002
  -9.4527831179282110E-002   1.2911609148551792E-002
  -7.3435409592623749E-002   1.3339195493124527E-002
  -5.2407779283041217E-002   1.3664674354393988E-002
  -3.1426266043351130E-002   1.3883941563658270E-002
  -1.0472358322297141E-002   1.3994259695261061E-002
   1.0472358322297265E-002   1.3994259695261461E-002
   3.1426266043351032E-002   1.3883941563659540E-002
   5.2407779283041342E-002   1.3664674354396182E-002
   7.3435409592623874E-002   1.3339195493127592E-002
   9.4527831179282248E-002   1.2911609148555771E-002
  0.11570394767506877        1.2387383078348769E-002
  0.13698296063882881        1.1773343130464881E-002
  0.15838444032453633        1.1077664190538601E-002
  0.17992839927925955        1.0309856122318379E-002
  0.20163536937154181        9.4807427604834491E-003
  0.22352648289714927        8.6024317412775626E-003
  0.24562355846482567        7.6882723547145116E-003
  0.26794919243112292        6.7527982758786523E-003
  0.29052685673191647        5.8116513126219658E-003
  0.31338100405068536        4.8814819195986585E-003
  0.33653718137202321        3.9798214102577303E-003
  0.36002215309575669        3.1249203716438934E-003
  0.38386403503541566        2.3355469401353810E-003
  0.40809244079830770        1.6307382138860502E-003
  0.43273864224742592        1.0294973645239493E-003
  0.45783574598317212        5.5042887348100546E-004
  0.48341888806170358        2.1130406474845025E-004
  0.50952544949442891        2.8549621346899161E-005
  0.53619529545903277        1.6652582550539880E-005
  0.56347104160796835        1.8747723749894555E-004
  0.59139835139947095        5.4949224799068328E-004
  0.62002626901608437        1.1069109312323566E-003
  0.64940759319751051        1.8587543394303254E-003
  0.67959929822452658        2.7978560396950871E-003
  0.71066300938115157        3.9098404543547920E-003
  0.74266554153381070        5.1721232876374432E-003
  0.77567951104961330        6.5530048229187482E-003
  0.80978403319500714        8.0109538296123453E-003
  0.84506551949185604        9.4942137879018198E-003
  0.88161859236318929        1.0940901172165484E-002
  0.91954713790703990        1.2279809155536251E-002
  0.95896552196289875        1.3432171789323212E-002
   1.0000000000000002        1.4314681156641152E-002
   1.0427903580444771        1.4844066216103445E-002
   1.0874918302460024        1.4943525068688535E-002
   1.1342773492554055        1.4551218187641010E-002
   1.1833401989958212        1.3630849801904432E-002
   1.2348971565350515        1.2184031689081644E-002
   1.2891922317850668        1.0263594677383758E-002
   1.3465011422702096        7.9862290576173771E-003
   1.4071366974211936        5.5417908959359543E-003
   1.4714553158199692        3.1953558665998865E-003
   1.5398649638145827        1.2768656897932094E-003
   1.6128348909908186        1.5246127041253259E-004
   1.6909076557850113        1.7220407581304244E-004
   1.7747140955927678        1.5921393353556348E-003
   1.8649921184853133        4.4761272758982390E-003
   1.9626105055051506        8.5957048175880745E-003
   2.0685993549187929        1.3363577142461138E-002
   2.1841894364376611        1.7852620992495093E-002
   2.3108636538824112        2.0954300463605299E-002
   2.4504251978885159        2.1697566865025636E-002
   2.6050890646938019        1.9664056648938541E-002
   2.7776068539149752        1.5311631548329412E-002
   2.9714398745574431        9.9394290779506993E-003
   3.1910038804976928        5.1424880128485206E-003
   3.4420225766692183        1.9862521638812185E-003
   3.7320508075688767        5.2056077905388563E-004
   4.0712707129971992        8.0357084429628155E-005
   4.4737428292115542        5.8931880591415178E-006
   4.9594473584510741        1.4655897155127039E-007
   5.5577663337511334        7.1213357297625611E-010
   6.3137515146750438        2.6434409652436691E-013
   7.3001780318985379        3.0888175853923411E-020
   8.6427474610313109        5.7786472962057469E-020
   10.578894993405637        7.7229784407503012E-022
   13.617408897797487        5.6882768361586112E-024
   19.081136687728215        1.9377123504097768E-024
   31.820515953773956        1.9911629922638578E-026
   95.489475171113384        3.9682374402244504E-031
 
 
  -95.489475171114151        1.8546859576476527E-031
  -31.820515953774020        3.5691676414199659E-026
  -19.081136687728222        2.4876921122018611E-023
  -13.617408897797404        2.7812425668411111E-021
  -10.578894993405632        1.1384128553135290E-019
  -8.6427474610313055        2.1540904818405071E-018
  -7.3001780318985325        1.2115732506924278E-018
  -6.3137515146750385        4.1536965810219019E-012
  -5.5577663337511289        8.3938563500897146E-009
  -4.9594473584510688        1.3208775133824968E-006
  -4.4737428292115498        4.1193614020398711E-005
  -4.0712707129971948        4.3940464406861350E-004
  -3.7320508075688799        2.2347387235990878E-003
  -3.4420225766692205        6.6839815213210830E-003
  -3.1910038804976888        1.3465293493854788E-002
  -2.9714398745574400        1.9952479420086239E-002
  -2.7776068539149756        2.2970115882617468E-002
  -2.6050890646938019        2.1126699237905052E-002
  -2.4504251978885159        1.5514553560730683E-002
  -2.3108636538824077        8.6822099581435191E-003
  -2.1841894364376602        3.1210845934372920E-003
  -2.0685993549187920        2.8709559282011951E-004
  -1.9626105055051501        4.0495432175279461E-004
  -1.8649921184853129        2.7973635841116863E-003
  -1.7747140955927685        6.3803061520050506E-003
  -1.6909076557850105        1.0081613724209482E-002
  -1.6128348909908177        1.3089957815152740E-002
  -1.5398649638145820        1.4942314029453977E-002
  -1.4714553158199697        1.5500584821073344E-002
  -1.4071366974211938        1.4872075292874400E-002
  -1.3465011422702085        1.3315146278907421E-002
  -1.2891922317850657        1.1154620585000144E-002
  -1.2348971565350515        8.7177739755238456E-003
  -1.1833401989958212        6.2927895547764869E-003
  -1.1342773492554055        4.1067623259132234E-003
  -1.0874918302460013        2.3185121143895590E-003
  -1.0427903580444768        1.0213416823756695E-003
 -0.99999999999999978        2.5161393102967738E-004
 -0.95896552196289853        2.2780510489393210E-008
 -0.91954713790703979        2.2341573894183855E-004
 -0.88161859236318962        8.5583873916024011E-004
 -0.84506551949185571        1.8180898478978743E-003
 -0.80978403319500680        3.0254958353277813E-003
 -0.77567951104961264        4.3938993868761298E-003
 -0.74266554153381104        5.8440060326610558E-003
 -0.71066300938115168        7.3043167463916559E-003
 -0.67959929822452603        8.7129011500597740E-003
 -0.64940759319750996        1.0018256939797746E-002
 -0.62002626901608426        1.1179480813155592E-002
 -0.59139835139947117        1.2165940491302688E-002
 -0.56347104160796824        1.2956607504325328E-002
 -0.53619529545903266        1.3539174142312834E-002
 -0.50952544949442868        1.3909053314497846E-002
 -0.48341888806170352        1.4068331454398083E-002
 -0.45783574598317162        1.4024728478396803E-002
 -0.43273864224742598        1.3790598635819959E-002
 -0.40809244079830753        1.3381997385952886E-002
 -0.38386403503541555        1.2817826023209232E-002
 -0.36002215309575658        1.2119062325680090E-002
 -0.33653718137202310        1.1308076823238068E-002
 -0.31338100405068520        1.0408034103471337E-002
 -0.29052685673191658        9.4423729809714457E-003
 -0.26794919243112253        8.4343609722577137E-003
 -0.24562355846482550        7.4067148583798863E-003
 -0.22352648289714913        6.3812815511423470E-003
 -0.20163536937154192        5.3787710148023903E-003
 -0.17992839927925944        4.4185356460775763E-003
 -0.15838444032453600        3.5183888099339705E-003
 -0.13698296063882870        2.6944577534498164E-003
 -0.11570394767506863        1.9610649318185223E-003
  -9.4527831179282110E-002   1.3306339988530291E-003
  -7.3435409592623749E-002   8.1361592242253577E-004
  -5.2407779283041217E-002   4.1843251455690430E-004
  -3.1426266043351130E-002   1.5143422052629947E-004
  -1.0472358322297141E-002   1.6870425050431188E-005
   1.0472358322297265E-002   1.6870425051391480E-005
   3.1426266043351032E-002   1.5143422052910598E-004
   5.2407779283041342E-002   4.1843251456141642E-004
   7.3435409592623874E-002   8.1361592242853986E-004
   9.4527831179282248E-002   1.3306339988600434E-003
  0.11570394767506877        1.9610649318261078E-003
  0.13698296063882881        2.6944577534577237E-003
  0.15838444032453633        3.5183888099420079E-003
  0.17992839927925955        4.4185356460852438E-003
  0.20163536937154181        5.3787710148093032E-003
  0.22352648289714927        6.3812815511481626E-003
  0.24562355846482567        7.4067148583841554E-003
  0.26794919243112292        8.4343609722599879E-003
  0.29052685673191647        9.4423729809716556E-003
  0.31338100405068536        1.0408034103469516E-002
  0.33653718137202321        1.1308076823233738E-002
  0.36002215309575669        1.2119062325673276E-002
  0.38386403503541566        1.2817826023200087E-002
  0.40809244079830770        1.3381997385941570E-002
  0.43273864224742592        1.3790598635806327E-002
  0.45783574598317212        1.4024728478380431E-002
  0.48341888806170358        1.4068331454379130E-002
  0.50952544949442891        1.3909053314476673E-002
  0.53619529545903277        1.3539174142289808E-002
  0.56347104160796835        1.2956607504301150E-002
  0.59139835139947095        1.2165940491277769E-002
  0.62002626901608437        1.1179480813130822E-002
  0.64940759319751051        1.0018256939774046E-002
  0.67959929822452658        8.7129011500376927E-003
  0.71066300938115157        7.3043167463715426E-003
  0.74266554153381070        5.8440060326435256E-003
  0.77567951104961330        4.3938993868615252E-003
  0.80978403319500714        3.0254958353164627E-003
  0.84506551949185604        1.8180898478900255E-003
  0.88161859236318929        8.5583873915565936E-004
  0.91954713790703990        2.2341573893996870E-004
  0.95896552196289875        2.2780510503521240E-008
   1.0000000000000002        2.5161393103061678E-004
   1.0427903580444771        1.0213416823762526E-003
   1.0874918302460024        2.3185121143886617E-003
   1.1342773492554055        4.1067623259097514E-003
   1.1833401989958212        6.2927895547696807E-003
   1.2348971565350515        8.7177739755132915E-003
   1.2891922317850668        1.1154620584985741E-002
   1.3465011422702096        1.3315146278889013E-002
   1.4071366974211936        1.4872075292851911E-002
   1.4714553158199692        1.5500584821047986E-002
   1.5398649638145827        1.4942314029426914E-002
   1.6128348909908186        1.3089957815125980E-002
   1.6909076557850113        1.0081613724185945E-002
   1.7747140955927678        6.3803061519873408E-003
   1.8649921184853133        2.7973635841011743E-003
   1.9626105055051506        4.0495432174956510E-004
   2.0685993549187929        2.8709559282188545E-004
   2.1841894364376611        3.1210845934391109E-003
   2.3108636538824112        8.6822099581392465E-003
   2.4504251978885159        1.5514553560714133E-002
   2.6050890646938019        2.1126699237877154E-002
   2.7776068539149752        2.2970115882584994E-002
   2.9714398745574431        1.9952479420054334E-002
   3.1910038804976928        1.3465293493829954E-002
   3.4420225766692183        6.6839815213098619E-003
   3.7320508075688767        2.2347387235961730E-003
   4.0712707129971992        4.3940464406832462E-004
   4.4737428292115542        4.1193614020247858E-005
   4.9594473584510741        1.3208775133640262E-006
   5.5577663337511334        8.3938563512077601E-009
   6.3137515146750438        4.1536965684453461E-012
   7.3001780318985379        1.2115876811860967E-018
   8.6427474610313109        2.1540762491644276E-018
   10.578894993405637        1.1384120658110754E-019
   13.617408897797487        2.7813312679144118E-021
   19.081136687728215        2.4872817617906000E-023
   31.820515953773956        3.5805562362842570E-026
   95.489475171113384        1.9488896605517561E-031
 
 
  -95.489475171114151        8.9868222701745188E-029
  -31.820515953774020        6.9522336351561386E-024
  -19.081136687728222        1.8828734012483459E-021
  -13.617408897797404        1.0275743727419656E-019
  -10.578894993405632        2.4484317474519796E-018
  -8.6427474610313055        2.9229392879452080E-017
  -7.3001780318985325        1.0130527511835662E-016
  -6.3137515146750385        5.1701240829068263E-011
  -5.5577663337511289        7.7680528486522425E-008
  -4.9594473584510688        9.2179414588743164E-006
  -4.4737428292115498        2.1901107291124320E-004
  -4.0712707129971948        1.7849041818760222E-003
  -3.7320508075688799        6.9027702007926706E-003
  -3.4420225766692205        1.5475208824169707E-002
  -3.1910038804976888        2.2713435775887501E-002
  -2.9714398745574400        2.3270072744853595E-002
  -2.7776068539149756        1.6746677466031330E-002
  -2.6050890646938019        7.6850165437751632E-003
  -2.4504251978885159        1.3414156549047256E-003
  -2.3108636538824077        2.1694230634869302E-004
  -2.1841894364376602        3.5501320736896157E-003
  -2.0685993549187920        8.8023401054570013E-003
  -1.9626105055051501        1.3401881339198217E-002
  -1.8649921184853129        1.5770388057184614E-002
  -1.7747140955927685        1.5525895022053529E-002
  -1.6909076557850105        1.3178575989994638E-002
  -1.6128348909908177        9.6701822756702048E-003
  -1.5398649638145820        5.9796056294005358E-003
  -1.4714553158199697        2.8789441184863380E-003
  -1.4071366974211938        8.3573319550739355E-004
  -1.3465011422702085        1.9007216976245716E-005
  -1.2891922317850657        3.6183341085931482E-004
  -1.2348971565350515        1.6430762485741567E-003
  -1.1833401989958212        3.5649472921078767E-003
  -1.1342773492554055        5.8147596506496245E-003
  -1.0874918302460013        8.1075121929135591E-003
  -1.0427903580444768        1.0210677399410428E-002
 -0.99999999999999978        1.1954727139496787E-002
 -0.95896552196289853        1.3233471379569135E-002
 -0.91954713790703979        1.3997924648603574E-002
 -0.88161859236318962        1.4246694458543553E-002
 -0.84506551949185571        1.4015072926512918E-002
 -0.80978403319500680        1.3364295920891998E-002
 -0.77567951104961264        1.2371843213962315E-002
 -0.74266554153381104        1.1123227529988851E-002
 -0.71066300938115168        9.7054158458121723E-003
 -0.67959929822452603        8.2018415057687616E-003
 -0.64940759319750996        6.6888511252790632E-003
 -0.62002626901608426        5.2333816999779442E-003
 -0.59139835139947117        3.8916444506768336E-003
 -0.56347104160796824        2.7086030697357289E-003
 -0.53619529545903266        1.7180523801975914E-003
 -0.50952544949442868        9.4313242865016827E-004
 -0.48341888806170352        3.9713967014343968E-004
 -0.45783574598317162        8.4525299416492503E-005
 -0.43273864224742598        1.9941836164719822E-006
 -0.40809244079830753        1.3963955548781966E-004
 -0.38386403503541555        4.8206576455583054E-004
 -0.36002215309575658        1.0094658432684188E-003
 -0.33653718137202310        1.6986319438659352E-003
 -0.31338100405068520        2.5238853063190305E-003
 -0.29052685673191658        3.4579193050687704E-003
 -0.26794919243112253        4.4725535983973453E-003
 -0.24562355846482550        5.5394013071247746E-003
 -0.22352648289714913        6.6304529688214972E-003
 -0.20163536937154192        7.7185830392068767E-003
 -0.17992839927925944        8.7779849566324373E-003
 -0.15838444032453600        9.7845416907101270E-003
 -0.13698296063882870        1.0716138093604109E-002
 -0.11570394767506863        1.1552921630851672E-002
  -9.4527831179282110E-002   1.2277517079399749E-002
  -7.3435409592623749E-002   1.2875200664541271E-002
  -5.2407779283041217E-002   1.3334038004994333E-002
  -3.1426266043351130E-002   1.3644989886630748E-002
  -1.0472358322297141E-002   1.3801988820267591E-002
   1.0472358322297265E-002   1.3801988820267246E-002
   3.1426266043351032E-002   1.3644989886629766E-002
   5.2407779283041342E-002   1.3334038004992882E-002
   7.3435409592623874E-002   1.2875200664539394E-002
   9.4527831179282248E-002   1.2277517079397875E-002
  0.11570394767506877        1.1552921630849781E-002
  0.13698296063882881        1.0716138093602192E-002
  0.15838444032453633        9.7845416907081616E-003
  0.17992839927925955        8.7779849566305933E-003
  0.20163536937154181        7.7185830392051740E-003
  0.22352648289714927        6.6304529688197954E-003
  0.24562355846482567        5.5394013071231448E-003
  0.26794919243112292        4.4725535983957234E-003
  0.29052685673191647        3.4579193050672673E-003
  0.31338100405068536        2.5238853063177216E-003
  0.33653718137202321        1.6986319438648770E-003
  0.36002215309575669        1.0094658432676653E-003
  0.38386403503541566        4.8206576455535625E-004
  0.40809244079830770        1.3963955548760025E-004
  0.43273864224742592        1.9941836164486917E-006
  0.45783574598317212        8.4525299416646473E-005
  0.48341888806170358        3.9713967014379134E-004
  0.50952544949442891        9.4313242865070842E-004
  0.53619529545903277        1.7180523801982926E-003
  0.56347104160796835        2.7086030697365689E-003
  0.59139835139947095        3.8916444506778146E-003
  0.62002626901608437        5.2333816999791108E-003
  0.64940759319751051        6.6888511252802159E-003
  0.67959929822452658        8.2018415057699620E-003
  0.71066300938115157        9.7054158458133033E-003
  0.74266554153381070        1.1123227529990095E-002
  0.77567951104961330        1.2371843213963625E-002
  0.80978403319500714        1.3364295920893256E-002
  0.84506551949185604        1.4015072926514003E-002
  0.88161859236318929        1.4246694458544278E-002
  0.91954713790703990        1.3997924648603834E-002
  0.95896552196289875        1.3233471379568911E-002
   1.0000000000000002        1.1954727139496007E-002
   1.0427903580444771        1.0210677399409184E-002
   1.0874918302460024        8.1075121929119892E-003
   1.1342773492554055        5.8147596506478785E-003
   1.1833401989958212        3.5649472921061368E-003
   1.2348971565350515        1.6430762485727657E-003
   1.2891922317850668        3.6183341085859258E-004
   1.3465011422702096        1.9007216976412131E-005
   1.4071366974211936        8.3573319550849206E-004
   1.4714553158199692        2.8789441184883620E-003
   1.5398649638145827        5.9796056294033799E-003
   1.6128348909908186        9.6701822756736187E-003
   1.6909076557850113        1.3178575989998711E-002
   1.7747140955927678        1.5525895022058554E-002
   1.8649921184853133        1.5770388057189538E-002
   1.9626105055051506        1.3401881339202195E-002
   2.0685993549187929        8.8023401054594698E-003
   2.1841894364376611        3.5501320736908014E-003
   2.3108636538824112        2.1694230634890785E-004
   2.4504251978885159        1.3414156549043724E-003
   2.6050890646938019        7.6850165437766377E-003
   2.7776068539149752        1.6746677466037658E-002
   2.9714398745574431        2.3270072744862876E-002
   3.1910038804976928        2.2713435775898780E-002
   3.4420225766692183        1.5475208824184114E-002
   3.7320508075688767        6.9027702008045231E-003
   4.0712707129971992        1.7849041818815043E-003
   4.4737428292115542        2.1901107291196593E-004
   4.9594473584510741        9.2179414587687117E-006
   5.5577663337511334        7.7680528472046949E-008
   6.3137515146750438        5.1701240534655709E-011
   7.3001780318985379        1.0130508445986328E-016
   8.6427474610313109        2.9229380091074247E-017
   10.578894993405637        2.4484432684033820E-018
   13.617408897797487        1.0275861656202741E-019
   19.081136687728215        1.8828035307321263E-021
   31.820515953773956        6.9525987642105670E-024
   95.489475171113384        8.9918746909127336E-029
 
 
  -95.489475171114151        1.7700291351650807E-027
  -31.820515953774020        1.2377452876871950E-022
  -19.081136687728222        2.8017205234953598E-020
  -13.617408897797404        1.2109223250400016E-018
  -10.578894993405632        2.1628157832045510E-017
  -8.6427474610313055        1.7092396894612246E-016
  -7.3001780318985325        4.2263266964105322E-015
  -6.3137515146750385        5.3028712859156037E-010
  -5.5577663337511289        5.8588205386678013E-007
  -4.9594473584510688        5.1588936837005055E-005
  -4.4737428292115498        9.1354395404908719E-004
  -4.0712707129971948        5.5145952514859178E-003
  -3.7320508075688799        1.5484983355003226E-002
  -3.4420225766692205        2.4168553415759322E-002
  -3.1910038804976888        2.2659675017386319E-002
  -2.9714398745574400        1.2140599182366959E-002
  -2.7776068539149756        2.3096508745219903E-003
  -2.6050890646938019        3.3267194595124701E-004
  -2.4504251978885159        5.5075802588273864E-003
  -2.3108636538824077        1.2422527766051775E-002
  -2.1841894364376602        1.6255493101954250E-002
  -2.0685993549187920        1.5413457109962185E-002
  -1.9626105055051501        1.1154436613933331E-002
  -1.8649921184853129        5.9150352788823381E-003
  -1.7747140955927685        1.8362917213551244E-003
  -1.6909076557850105        5.6255388338231732E-005
  -1.6128348909908177        6.7894894463800819E-004
  -1.5398649638145820        3.1017153475127110E-003
  -1.4714553158199697        6.4202029647592671E-003
  -1.4071366974211938        9.7519430779906373E-003
  -1.3465011422702085        1.2426856973526990E-002
  -1.2891922317850657        1.4056745176607034E-002
  -1.2348971565350515        1.4521035334293235E-002
  -1.1833401989958212        1.3907765284501137E-002
  -1.1342773492554055        1.2439937024456551E-002
  -1.0874918302460013        1.0406278555011615E-002
  -1.0427903580444768        8.1059293973952274E-003
 -0.99999999999999978        5.8099471198145283E-003
 -0.95896552196289853        3.7385759881996454E-003
 -0.91954713790703979        2.0513571684487495E-003
 -0.88161859236318962        8.4660255695914667E-004
 -0.84506551949185571        1.6698576776357180E-004
 -0.80978403319500680        8.5612806134498452E-006
 -0.77567951104961264        3.3119540913588121E-004
 -0.74266554153381104        1.0690111501482228E-003
 -0.71066300938115168        2.1399704167863673E-003
 -0.67959929822452603        3.4541158343672804E-003
 -0.64940759319750996        4.9202773144769686E-003
 -0.62002626901608426        6.4512433816796798E-003
 -0.59139835139947117        7.9675080716380166E-003
 -0.56347104160796824        9.3997741803678331E-003
 -0.53619529545903266        1.0690410368208156E-002
 -0.50952544949442868        1.1794069843641506E-002
 -0.48341888806170352        1.2677654214479431E-002
 -0.45783574598317162        1.3319795130609356E-002
 -0.43273864224742598        1.3709990233116101E-002
 -0.40809244079830753        1.3847516328312713E-002
 -0.38386403503541555        1.3740207654121433E-002
 -0.36002215309575658        1.3403177833694029E-002
 -0.33653718137202310        1.2857534647975583E-002
 -0.31338100405068520        1.2129133119228891E-002
 -0.29052685673191658        1.1247389163679096E-002
 -0.26794919243112253        1.0244177111801308E-002
 -0.24562355846482550        9.1528165922405823E-003
 -0.22352648289714913        8.0071584435976485E-003
 -0.20163536937154192        6.8407658435330962E-003
 -0.17992839927925944        5.6861926861640011E-003
 -0.15838444032453600        4.5743511236253339E-003
 -0.13698296063882870        3.5339665655230259E-003
 -0.11570394767506863        2.5911109588211967E-003
  -9.4527831179282110E-002   1.7688112792873468E-003
  -7.3435409592623749E-002   1.0867248601774382E-003
  -5.2407779283041217E-002   5.6087848983498128E-004
  -3.1426266043351130E-002   2.0346477405519507E-004
  -1.0472358322297141E-002   2.2693428691545838E-005
   1.0472358322297265E-002   2.2693428691288388E-005
   3.1426266043351032E-002   2.0346477405433673E-004
   5.2407779283041342E-002   5.6087848983336669E-004
   7.3435409592623874E-002   1.0867248601748936E-003
   9.4527831179282248E-002   1.7688112792833908E-003
  0.11570394767506877        2.5911109588155987E-003
  0.13698296063882881        3.5339665655158030E-003
  0.15838444032453633        4.5743511236165995E-003
  0.17992839927925955        5.6861926861534991E-003
  0.20163536937154181        6.8407658435207198E-003
  0.22352648289714927        8.0071584435833770E-003
  0.24562355846482567        9.1528165922242777E-003
  0.26794919243112292        1.0244177111783008E-002
  0.29052685673191647        1.1247389163659185E-002
  0.31338100405068536        1.2129133119207797E-002
  0.33653718137202321        1.2857534647953603E-002
  0.36002215309575669        1.3403177833671769E-002
  0.38386403503541566        1.3740207654099534E-002
  0.40809244079830770        1.3847516328291584E-002
  0.43273864224742592        1.3709990233095933E-002
  0.45783574598317212        1.3319795130590246E-002
  0.48341888806170358        1.2677654214461639E-002
  0.50952544949442891        1.1794069843625278E-002
  0.53619529545903277        1.0690410368193520E-002
  0.56347104160796835        9.3997741803550482E-003
  0.59139835139947095        7.9675080716273706E-003
  0.62002626901608437        6.4512433816713956E-003
  0.64940759319751051        4.9202773144713082E-003
  0.67959929822452658        3.4541158343640928E-003
  0.71066300938115157        2.1399704167850827E-003
  0.74266554153381070        1.0690111501483399E-003
  0.77567951104961330        3.3119540913652772E-004
  0.80978403319500714        8.5612806136589217E-006
  0.84506551949185604        1.6698576776212162E-004
  0.88161859236318929        8.4660255695454261E-004
  0.91954713790703990        2.0513571684395156E-003
  0.95896552196289875        3.7385759881848292E-003
   1.0000000000000002        5.8099471197934141E-003
   1.0427903580444771        8.1059293973671526E-003
   1.0874918302460024        1.0406278554977624E-002
   1.1342773492554055        1.2439937024418181E-002
   1.1833401989958212        1.3907765284460957E-002
   1.2348971565350515        1.4521035334254400E-002
   1.2891922317850668        1.4056745176572814E-002
   1.3465011422702096        1.2426856973500067E-002
   1.4071366974211936        9.7519430779723082E-003
   1.4714553158199692        6.4202029647498354E-003
   1.5398649638145827        3.1017153475102368E-003
   1.6128348909908186        6.7894894463886774E-004
   1.6909076557850113        5.6255388337423005E-005
   1.7747140955927678        1.8362917213474357E-003
   1.8649921184853133        5.9150352788645225E-003
   1.9626105055051506        1.1154436613905619E-002
   2.0685993549187929        1.5413457109929016E-002
   2.1841894364376611        1.6255493101924829E-002
   2.3108636538824112        1.2422527766035366E-002
   2.4504251978885159        5.5075802588254895E-003
   2.6050890646938019        3.3267194595344626E-004
   2.7776068539149752        2.3096508745088875E-003
   2.9714398745574431        1.2140599182324690E-002
   3.1910038804976928        2.2659675017321627E-002
   3.4420225766692183        2.4168553415697170E-002
   3.7320508075688767        1.5484983354968030E-002
   4.0712707129971992        5.5145952514748147E-003
   4.4737428292115542        9.1354395404796493E-004
   4.9594473584510741        5.1588936836666350E-005
   5.5577663337511334        5.8588205380578052E-007
   6.3137515146750438        5.3028712753082934E-010
   7.3001780318985379        4.2263253346956261E-015
   8.6427474610313109        1.7092399784429291E-016
   10.578894993405637        2.1628218789850834E-017
   13.617408897797487        1.2109225113018735E-018
   19.081136687728215        2.8016910765007601E-020
   31.820515953773956        1.2377626775265566E-022
   95.489475171113384        1.7687921949156547E-027
 
 
  -95.489475171114151        1.3457800065941261E-026
  -31.820515953774020        8.8537617589619017E-022
  -19.081136687728222        1.7692999526542095E-019
  -13.617408897797404        6.2312259853415015E-018
  -10.578894993405632        7.7763205702293585E-017
  -8.6427474610313055        2.4610593891605321E-016
  -7.3001780318985325        9.6114770637706440E-014
  -6.3137515146750385        4.5635962226657189E-009
  -5.5577663337511289        3.6567151065002831E-006
  -4.9594473584510688        2.3443743152998410E-004
  -4.4737428292115498        3.0097075716619256E-003
  -4.0712707129971948        1.2891229674608548E-002
  -3.7320508075688799        2.4427088467156008E-002
  -3.4420225766692205        2.2959918357465445E-002
  -3.1910038804976888        9.4344542436018298E-003
  -2.9714398745574400        2.7486239261723805E-004
  -2.7776068539149756        3.6230588343897172E-003
  -2.6050890646938019        1.2494654053099880E-002
  -2.4504251978885159        1.6923186890056285E-002
  -2.3108636538824077        1.3901508033508370E-002
  -2.1841894364376602        7.0547776158523022E-003
  -2.0685993549187920        1.5007799942189589E-003
  -1.9626105055051501        7.4292047218477419E-005
  -1.8649921184853129        2.6273963045455422E-003
  -1.7747140955927685        7.2199628105054751E-003
  -1.6909076557850105        1.1625452277863720E-002
  -1.6128348909908177        1.4300522904888436E-002
  -1.5398649638145820        1.4682071287345737E-002
  -1.4714553158199697        1.3026753765824548E-002
  -1.4071366974211938        1.0064653173465363E-002
  -1.3465011422702085        6.6595382182364996E-003
  -1.2891922317850657        3.5675610615373168E-003
  -1.2348971565350515        1.3119703736217893E-003
  -1.1833401989958212        1.5274758347231943E-004
  -1.1342773492554055        1.1743394616637826E-004
  -1.0874918302460013        1.0619039606856574E-003
  -1.0427903580444768        2.7380890390090611E-003
 -0.99999999999999978        4.8547000711450508E-003
 -0.95896552196289853        7.1243449892788467E-003
 -0.91954713790703979        9.2954277277045826E-003
 -0.88161859236318962        1.1170205463916456E-002
 -0.84506551949185571        1.2611682575860083E-002
 -0.80978403319500680        1.3542452055965947E-002
 -0.77567951104961264        1.3938282202472473E-002
 -0.74266554153381104        1.3818836230276561E-002
 -0.71066300938115168        1.3237254395640781E-002
 -0.67959929822452603        1.2269874416651845E-002
 -0.64940759319750996        1.1006835734289422E-002
 -0.62002626901608426        9.5440349505844374E-003
 -0.59139835139947117        7.9765777265905623E-003
 -0.56347104160796824        6.3937582439121668E-003
 -0.53619529545903266        4.8754354436291768E-003
 -0.50952544949442868        3.4896603904480787E-003
 -0.48341888806170352        2.2913436911548820E-003
 -0.45783574598317162        1.3217813121780700E-003
 -0.43273864224742598        6.0884156720214283E-004
 -0.40809244079830753        1.6765634580503066E-004
 -0.38386403503541555        1.6664747049368362E-006
 -0.36002215309575658        1.0390618983937654E-004
 -0.33653718137202310        4.5842684755765557E-004
 -0.31338100405068520        1.0417843112950620E-003
 -0.29052685673191658        1.8245315302138684E-003
 -0.26794919243112253        2.7726711661134385E-003
 -0.24562355846482550        3.8490395576660469E-003
 -0.22352648289714913        5.0145977407982422E-003
 -0.20163536937154192        6.2296201110907329E-003
 -0.17992839927925944        7.4547694965072450E-003
 -0.15838444032453600        8.6520603859095487E-003
 -0.13698296063882870        9.7857065092402558E-003
 -0.11570394767506863        1.0822859871541298E-002
  -9.4527831179282110E-002   1.1734241150586073E-002
  -7.3435409592623749E-002   1.2494670020575993E-002
  -5.2407779283041217E-002   1.3083496738152997E-002
  -3.1426266043351130E-002   1.3484942531377902E-002
  -1.0472358322297141E-002   1.3688350239284884E-002
   1.0472358322297265E-002   1.3688350239283834E-002
   3.1426266043351032E-002   1.3484942531374697E-002
   5.2407779283041342E-002   1.3083496738147685E-002
   7.3435409592623874E-002   1.2494670020568883E-002
   9.4527831179282248E-002   1.1734241150577571E-002
  0.11570394767506877        1.0822859871531634E-002
  0.13698296063882881        9.7857065092298336E-003
  0.15838444032453633        8.6520603858984968E-003
  0.17992839927925955        7.4547694964961922E-003
  0.20163536937154181        6.2296201110800644E-003
  0.22352648289714927        5.0145977407882788E-003
  0.24562355846482567        3.8490395576568940E-003
  0.26794919243112292        2.7726711661053278E-003
  0.29052685673191647        1.8245315302070739E-003
  0.31338100405068536        1.0417843112897451E-003
  0.33653718137202321        4.5842684755410389E-004
  0.36002215309575669        1.0390618983769289E-004
  0.38386403503541566        1.6664747051476987E-006
  0.40809244079830770        1.6765634580706473E-004
  0.43273864224742592        6.0884156720586165E-004
  0.45783574598317212        1.3217813121833471E-003
  0.48341888806170358        2.2913436911615325E-003
  0.50952544949442891        3.4896603904558290E-003
  0.53619529545903277        4.8754354436373864E-003
  0.56347104160796835        6.3937582439203364E-003
  0.59139835139947095        7.9765777265980980E-003
  0.62002626901608437        9.5440349505907865E-003
  0.64940759319751051        1.1006835734294047E-002
  0.67959929822452658        1.2269874416654114E-002
  0.71066300938115157        1.3237254395640267E-002
  0.74266554153381070        1.3818836230273496E-002
  0.77567951104961330        1.3938282202466824E-002
  0.80978403319500714        1.3542452055957565E-002
  0.84506551949185604        1.2611682575849673E-002
  0.88161859236318929        1.1170205463905491E-002
  0.91954713790703990        9.2954277276938481E-003
  0.95896552196289875        7.1243449892688573E-003
   1.0000000000000002        4.8547000711365359E-003
   1.0427903580444771        2.7380890390025312E-003
   1.0874918302460024        1.0619039606814607E-003
   1.1342773492554055        1.1743394616497333E-004
   1.1833401989958212        1.5274758347387832E-004
   1.2348971565350515        1.3119703736260012E-003
   1.2891922317850668        3.5675610615433641E-003
   1.3465011422702096        6.6595382182426778E-003
   1.4071366974211936        1.0064653173469643E-002
   1.4714553158199692        1.3026753765825924E-002
   1.5398649638145827        1.4682071287343341E-002
   1.6128348909908186        1.4300522904881496E-002
   1.6909076557850113        1.1625452277853826E-002
   1.7747140955927678        7.2199628104955673E-003
   1.8649921184853133        2.6273963045382706E-003
   1.9626105055051506        7.4292047217151981E-005
   2.0685993549187929        1.5007799942243442E-003
   2.1841894364376611        7.0547776158606454E-003
   2.3108636538824112        1.3901508033513355E-002
   2.4504251978885159        1.6923186890052372E-002
   2.6050890646938019        1.2494654053090181E-002
   2.7776068539149752        3.6230588343826135E-003
   2.9714398745574431        2.7486239261933696E-004
   3.1910038804976928        9.4344542436068293E-003
   3.4420225766692183        2.2959918357450815E-002
   3.7320508075688767        2.4427088467124429E-002
   4.0712707129971992        1.2891229674582408E-002
   4.4737428292115542        3.0097075716559985E-003
   4.9594473584510741        2.3443743152962968E-004
   5.5577663337511334        3.6567151064674881E-006
   6.3137515146750438        4.5635962210289221E-009
   7.3001780318985379        9.6114767348643678E-014
   8.6427474610313109        2.4610573741767886E-016
   10.578894993405637        7.7763251677456829E-017
   13.617408897797487        6.2312090505068956E-018
   19.081136687728215        1.7692972666689276E-019
   31.820515953773956        8.8538591325705587E-022
   95.489475171113384        1.3461768604563887E-026
 
 
  -95.489475171114151        4.5739616966061913E-026
  -31.820515953774020        2.7613355607734845E-021
  -19.081136687728222        4.5120422146872838E-019
  -13.617408897797404        1.0291192327026626E-017
  -10.578894993405632        3.0869380805876028E-017
  -8.6427474610313055        7.5041082547538360E-016
  -7.3001780318985325        1.3825213375761594E-012
  -6.3137515146750385        3.3605316503517303E-008
  -5.5577663337511289        1.9199469718669248E-005
  -4.9594473584510688        8.7607674469367212E-004
  -4.4737428292115498        7.8639588877845584E-003
  -4.0712707129971948        2.2422932268525448E-002
  -3.7320508075688799        2.5065717732689400E-002
  -3.4420225766692205        9.5100436518577788E-003
  -3.1910038804976888        1.9060471627296163E-011
  -2.9714398745574400        7.3905027667769659E-003
  -2.7776068539149756        1.6596113483132228E-002
  -2.6050890646938019        1.5073921767222997E-002
  -2.4504251978885159        6.4544514987765530E-003
  -2.3108636538824077        4.3279648127248242E-004
  -2.1841894364376602        1.4643084261762008E-003
  -2.0685993549187920        7.2153497381108609E-003
  -1.9626105055051501        1.2870474191205359E-002
  -1.8649921184853129        1.5110419129963122E-002
  -1.7747140955927685        1.3387005917009722E-002
  -1.6909076557850105        9.1634205924476537E-003
  -1.6128348909908177        4.5414626274713496E-003
  -1.5398649638145820        1.2118032168888467E-003
  -1.4714553158199697        2.0646023819403770E-006
  -1.4071366974211938        9.0525731334505360E-004
  -1.3465011422702085        3.3538438747119752E-003
  -1.2891922317850657        6.5431420188223725E-003
  -1.2348971565350515        9.6918274941834529E-003
  -1.1833401989958212        1.2200464957147166E-002
  -1.1342773492554055        1.3714676855131024E-002
  -1.0874918302460013        1.4118739750883787E-002
  -1.0427903580444768        1.3489250512706004E-002
 -0.99999999999999978        1.2032695176818835E-002
 -0.95896552196289853        1.0023781352911189E-002
 -0.91954713790703979        7.7535044762127919E-003
 -0.88161859236318962        5.4910399256772038E-003
 -0.84506551949185571        3.4593943524801321E-003
 -0.80978403319500680        1.8232193746830305E-003
 -0.77567951104961264        6.8594276573071889E-004
 -0.74266554153381104        9.3573710049682849E-005
 -0.71066300938115168        4.2592296294973604E-005
 -0.67959929822452603        4.8997366246403002E-004
 -0.64940759319750996        1.3638072847057085E-003
 -0.62002626901608426        2.5734798255579831E-003
 -0.59139835139947117        4.0187947408149476E-003
 -0.56347104160796824        5.5976424003779520E-003
 -0.53619529545903266        7.2121580914728681E-003
 -0.50952544949442868        8.7733169602174296E-003
 -0.48341888806170352        1.0204176848789132E-002
 -0.45783574598317162        1.1441840295792797E-002
 -0.43273864224742598        1.2438439581451443E-002
 -0.40809244079830753        1.3161224842207208E-002
 -0.38386403503541555        1.3592059542675294E-002
 -0.36002215309575658        1.3726366296059554E-002
 -0.33653718137202310        1.3571789727603777E-002
 -0.31338100405068520        1.3146573706954427E-002
 -0.29052685673191658        1.2477872503076469E-002
 -0.26794919243112253        1.1599955574846211E-002
 -0.24562355846482550        1.0552481274472515E-002
 -0.22352648289714913        9.3787748509814115E-003
 -0.20163536937154192        8.1242485359542468E-003
 -0.17992839927925944        6.8348878313898949E-003
 -0.15838444032453600        5.5559111120182091E-003
 -0.13698296063882870        4.3305261451732444E-003
 -0.11570394767506863        3.1988654427309369E-003
  -9.4527831179282110E-002   2.1970315671055642E-003
  -7.3435409592623749E-002   1.3563129981423038E-003
  -5.2407779283041217E-002   7.0251481157156798E-004
  -3.1426266043351130E-002   2.5544600425293892E-004
  -1.0472358322297141E-002   2.8524513890333441E-005
   1.0472358322297265E-002   2.8524513890384751E-005
   3.1426266043351032E-002   2.5544600425300192E-004
   5.2407779283041342E-002   7.0251481157145447E-004
   7.3435409592623874E-002   1.3563129981417788E-003
   9.4527831179282248E-002   2.1970315671042419E-003
  0.11570394767506877        3.1988654427285439E-003
  0.13698296063882881        4.3305261451697758E-003
  0.15838444032453633        5.5559111120135314E-003
  0.17992839927925955        6.8348878313836698E-003
  0.20163536937154181        8.1242485359464753E-003
  0.22352648289714927        9.3787748509719434E-003
  0.24562355846482567        1.0552481274461307E-002
  0.26794919243112292        1.1599955574833450E-002
  0.29052685673191647        1.2477872503062178E-002
  0.31338100405068536        1.3146573706938537E-002
  0.33653718137202321        1.3571789727586523E-002
  0.36002215309575669        1.3726366296041244E-002
  0.38386403503541566        1.3592059542655873E-002
  0.40809244079830770        1.3161224842187255E-002
  0.43273864224742592        1.2438439581430987E-002
  0.45783574598317212        1.1441840295772035E-002
  0.48341888806170358        1.0204176848768357E-002
  0.50952544949442891        8.7733169601975965E-003
  0.53619529545903277        7.2121580914548261E-003
  0.56347104160796835        5.5976424003620498E-003
  0.59139835139947095        4.0187947408018348E-003
  0.62002626901608437        2.5734798255478875E-003
  0.64940759319751051        1.3638072846989281E-003
  0.67959929822452658        4.8997366246032433E-004
  0.71066300938115157        4.2592296294013896E-005
  0.74266554153381070        9.3573710050850941E-005
  0.77567951104961330        6.8594276573311086E-004
  0.80978403319500714        1.8232193746854381E-003
  0.84506551949185604        3.4593943524811304E-003
  0.88161859236318929        5.4910399256752288E-003
  0.91954713790703990        7.7535044762068010E-003
  0.95896552196289875        1.0023781352900607E-002
   1.0000000000000002        1.2032695176803271E-002
   1.0427903580444771        1.3489250512685598E-002
   1.0874918302460024        1.4118739750859564E-002
   1.1342773492554055        1.3714676855104161E-002
   1.1833401989958212        1.2200464957119961E-002
   1.2348971565350515        9.6918274941585770E-003
   1.2891922317850668        6.5431420188022740E-003
   1.3465011422702096        3.3538438746987297E-003
   1.4071366974211936        9.0525731333921788E-004
   1.4714553158199692        2.0646023821525969E-006
   1.5398649638145827        1.2118032168917888E-003
   1.6128348909908186        4.5414626274718380E-003
   1.6909076557850113        9.1634205924407269E-003
   1.7747140955927678        1.3387005916992375E-002
   1.8649921184853133        1.5110419129936459E-002
   1.9626105055051506        1.2870474191176028E-002
   2.0685993549187929        7.2153497380887865E-003
   2.1841894364376611        1.4643084261684734E-003
   2.3108636538824112        4.3279648127452332E-004
   2.4504251978885159        6.4544514987728181E-003
   2.6050890646938019        1.5073921767199648E-002
   2.7776068539149752        1.6596113483093210E-002
   2.9714398745574431        7.3905027667482727E-003
   3.1910038804976928        1.9060472587015809E-011
   3.4420225766692183        9.5100436518567189E-003
   3.7320508075688767        2.5065717732653561E-002
   4.0712707129971992        2.2422932268478125E-002
   4.4737428292115542        7.8639588877638476E-003
   4.9594473584510741        8.7607674469183374E-004
   5.5577663337511334        1.9199469718678430E-005
   6.3137515146750438        3.3605316501416747E-008
   7.3001780318985379        1.3825213301097200E-012
   8.6427474610313109        7.5041119183627421E-016
   10.578894993405637        3.0869347958749003E-017
   13.617408897797487        1.0291177841251406E-017
   19.081136687728215        4.5120474917428811E-019
   31.820515953773956        2.7613185195842112E-021
   95.489475171113384        4.5730441974894197E-026
 
 
