  -95.489475171114151        7.2928059262211585E-019
  -31.820515953774020       -4.3505776702083555E-016
  -19.081136687728222        2.8645199004526755E-015
  -13.617408897797404       -2.5488803254481664E-014
  -10.578894993405632        1.1051102702692838E-013
  -8.6427474610313055       -3.7084414037040561E-013
  -7.3001780318985325        1.1304428729341718E-012
  -6.3137515146750385        2.7450815180470895E-010
  -5.5577663337511289        2.4493068067879955E-008
  -4.9594473584510688        5.6946241720067910E-007
  -4.4737428292115498        5.6283029652822123E-006
  -4.0712707129971948        3.1417752826358301E-005
  -3.7320508075688799        1.1802471333788244E-004
  -3.4420225766692205        3.3403172067620007E-004
  -3.1910038804976888        7.6796394228543575E-004
  -2.9714398745574400        1.5106090643428251E-003
  -2.7776068539149756        2.6371280606566250E-003
  -2.6050890646938019        4.1954301337391881E-003
  -2.4504251978885159        6.2024759655420056E-003
  -2.3108636538824077        8.6468489688646243E-003
  -2.1841894364376602        1.1494844606364466E-002
  -2.0685993549187920        1.4697666524157313E-002
  -1.9626105055051501        1.8198158155822413E-002
  -1.8649921184853129        2.1936295328159668E-002
  -1.7747140955927685        2.5853224352516649E-002
  -1.6909076557850105        2.9893947546399843E-002
  -1.6128348909908177        3.4008897926559596E-002
  -1.5398649638145820        3.8154676552666300E-002
  -1.4714553158199697        4.2294202235694967E-002
  -1.4071366974211938        4.6396477680287505E-002
  -1.3465011422702085        5.0436126999102784E-002
  -1.2891922317850657        5.4392815746353629E-002
  -1.2348971565350515        5.8250629152641092E-002
  -1.1833401989958212        6.1997457343904397E-002
  -1.1342773492554055        6.5624416824176426E-002
  -1.0874918302460013        6.9125323964268987E-002
  -1.0427903580444768        7.2496227170960395E-002
 -0.99999999999999978        7.5734998630884287E-002
 -0.95896552196289853        7.8840983019459798E-002
 -0.91954713790703979        8.1814698643491945E-002
 -0.88161859236318962        8.4657585582670836E-002
 -0.84506551949185571        8.7371795163877483E-002
 -0.80978403319500680        8.9960015257284365E-002
 -0.77567951104961264        9.2425326274430439E-002
 -0.74266554153381104        9.4771083239392775E-002
 -0.71066300938115168        9.7000819842246080E-002
 -0.67959929822452603        9.9118170906565425E-002
 -0.64940759319750996       0.10112681020132434     
 -0.62002626901608426       0.10303040097382915     
 -0.59139835139947117       0.10483255698346539     
 -0.56347104160796824       0.10653681216276020     
 -0.53619529545903266       0.10814659733716797     
 -0.50952544949442868       0.10966522269102252     
 -0.48341888806170352       0.11109586488915930     
 -0.45783574598317162       0.11244155794708843     
 -0.43273864224742598       0.11370518710062626     
 -0.40809244079830753       0.11488948505463827     
 -0.38386403503541555       0.11599703010133046     
 -0.36002215309575658       0.11703024568766689     
 -0.33653718137202310       0.11799140108835370     
 -0.31338100405068520       0.11888261290189205     
 -0.29052685673191658       0.11970584714013195     
 -0.26794919243112253       0.12046292172319617     
 -0.24562355846482550       0.12115550922786404     
 -0.22352648289714913       0.12178513976539547     
 -0.20163536937154192       0.12235320388938911     
 -0.17992839927925944       0.12286095545289807     
 -0.15838444032453600       0.12330951435063724     
 -0.13698296063882870       0.12369986909445997     
 -0.11570394767506863       0.12403287918142575     
  -9.4527831179282110E-002  0.12430927722187723     
  -7.3435409592623749E-002  0.12452967080243370     
  -5.2407779283041217E-002  0.12469454406410937     
  -3.1426266043351130E-002  0.12480425898079321     
  -1.0472358322297141E-002  0.12485905632696886     
   1.0472358322297265E-002  0.12485905632697029     
   3.1426266043351032E-002  0.12480425898079775     
   5.2407779283041342E-002  0.12469454406411670     
   7.3435409592623874E-002  0.12452967080244440     
   9.4527831179282248E-002  0.12430927722188947     
  0.11570394767506877       0.12403287918143868     
  0.13698296063882881       0.12369986909447266     
  0.15838444032453633       0.12330951435064821     
  0.17992839927925955       0.12286095545290730     
  0.20163536937154181       0.12235320388939601     
  0.22352648289714927       0.12178513976539843     
  0.24562355846482567       0.12115550922786435     
  0.26794919243112292       0.12046292172319435     
  0.29052685673191647       0.11970584714012843     
  0.31338100405068536       0.11888261290188752     
  0.33653718137202321       0.11799140108834856     
  0.36002215309575669       0.11703024568766160     
  0.38386403503541566       0.11599703010132471     
  0.40809244079830770       0.11488948505463230     
  0.43273864224742592       0.11370518710061943     
  0.45783574598317212       0.11244155794708072     
  0.48341888806170358       0.11109586488914983     
  0.50952544949442891       0.10966522269101217     
  0.53619529545903277       0.10814659733715647     
  0.56347104160796835       0.10653681216274771     
  0.59139835139947095       0.10483255698345212     
  0.62002626901608437       0.10303040097381512     
  0.64940759319751051       0.10112681020131001     
  0.67959929822452658        9.9118170906550992E-002
  0.71066300938115157        9.7000819842231870E-002
  0.74266554153381070        9.4771083239378662E-002
  0.77567951104961330        9.2425326274415964E-002
  0.80978403319500714        8.9960015257269071E-002
  0.84506551949185604        8.7371795163861524E-002
  0.88161859236318929        8.4657585582654224E-002
  0.91954713790703990        8.1814698643475306E-002
  0.95896552196289875        7.8840983019441951E-002
   1.0000000000000002        7.5734998630865497E-002
   1.0427903580444771        7.2496227170941244E-002
   1.0874918302460024        6.9125323964250432E-002
   1.1342773492554055        6.5624416824158552E-002
   1.1833401989958212        6.1997457343887091E-002
   1.2348971565350515        5.8250629152622975E-002
   1.2891922317850668        5.4392815746333846E-002
   1.3465011422702096        5.0436126999080649E-002
   1.4071366974211936        4.6396477680263698E-002
   1.4714553158199692        4.2294202235670611E-002
   1.5398649638145827        3.8154676552642458E-002
   1.6128348909908186        3.4008897926537697E-002
   1.6909076557850113        2.9893947546381076E-002
   1.7747140955927678        2.5853224352502681E-002
   1.8649921184853133        2.1936295328147719E-002
   1.9626105055051506        1.8198158155812206E-002
   2.0685993549187929        1.4697666524149307E-002
   2.1841894364376611        1.1494844606355841E-002
   2.3108636538824112        8.6468489688588598E-003
   2.4504251978885159        6.2024759655450378E-003
   2.6050890646938019        4.1954301337490387E-003
   2.7776068539149752        2.6371280606680217E-003
   2.9714398745574431        1.5106090643466673E-003
   3.1910038804976928        7.6796394227729263E-004
   3.4420225766692183        3.3403172067644532E-004
   3.7320508075688767        1.1802471335047744E-004
   4.0712707129971992        3.1417752823637421E-005
   4.4737428292115542        5.6283029655089004E-006
   4.9594473584510741        5.6946241946264691E-007
   5.5577663337511334        2.4493055552063399E-008
   6.3137515146750438        2.7451941469741778E-010
   7.3001780318985379        1.1369310744106299E-012
   8.6427474610313109       -3.6863920079037660E-013
   10.578894993405637        1.1322453846332756E-013
   13.617408897797487       -2.4703439350667331E-014
   19.081136687728215        3.2989648040928938E-015
   31.820515953773956       -2.2645854836104148E-016
   95.489475171113384        6.5524525441636396E-017
 
 
  -95.489475171114151       -1.2045265361402300E-017
  -31.820515953774020        3.2247059267796247E-015
  -19.081136687728222       -4.5082696904010410E-014
  -13.617408897797404        2.9422298211262613E-013
  -10.578894993405632       -1.1721601800020145E-012
  -8.6427474610313055        3.1923274978431614E-012
  -7.3001780318985325       -9.4678772468478165E-012
  -6.3137515146750385       -3.0754887698871463E-009
  -5.5577663337511289       -2.4082208069597392E-007
  -4.9594473584510688       -4.9966064780314407E-006
  -4.4737428292115498       -4.4547565676730608E-005
  -4.0712707129971948       -2.2629800444717830E-004
  -3.7320508075688799       -7.7928462389597252E-004
  -3.4420225766692205       -2.0341221761404358E-003
  -3.1910038804976888       -4.3355457152438161E-003
  -2.9714398745574400       -7.9413555718079367E-003
  -2.7776068539149756       -1.2959182427282548E-002
  -2.6050890646938019       -1.9336357973365421E-002
  -2.4504251978885159       -2.6889464179610141E-002
  -2.3108636538824077       -3.5351496554105355E-002
  -2.1841894364376602       -4.4419024376488536E-002
  -2.0685993549187920       -5.3789856145131501E-002
  -1.9626105055051501       -6.3188371489616660E-002
  -1.8649921184853129       -7.2379552496954339E-002
  -1.7747140955927685       -8.1174331758503457E-002
  -1.6909076557850105       -8.9429080842499620E-002
  -1.6128348909908177       -9.7041628769215738E-002
  -1.5398649638145820      -0.10394557893459512     
  -1.4714553158199697      -0.11010410837093688     
  -1.4071366974211938      -0.11550396927510731     
  -1.3465011422702085      -0.12015007998317324     
  -1.2891922317850657      -0.12406087213139386     
  -1.2348971565350515      -0.12726442496919943     
  -1.1833401989958212      -0.12979534137628390     
  -1.1342773492554055      -0.13169228254666121     
  -1.0874918302460013      -0.13299606488592491     
  -1.0427903580444768      -0.13374822313980922     
 -0.99999999999999978      -0.13398995163636346     
 -0.95896552196289853      -0.13376134657403430     
 -0.91954713790703979      -0.13310088418598470     
 -0.88161859236318962      -0.13204508095737724     
 -0.84506551949185571      -0.13062829228052503     
 -0.80978403319500680      -0.12888261470799028     
 -0.77567951104961264      -0.12683786433897126     
 -0.74266554153381104      -0.12452160991595325     
 -0.71066300938115168      -0.12195924410976830     
 -0.67959929822452603      -0.11917408037423702     
 -0.64940759319750996      -0.11618746584915739     
 -0.62002626901608426      -0.11301890320880272     
 -0.59139835139947117      -0.10968617624220807     
 -0.56347104160796824      -0.10620547540201326     
 -0.53619529545903266      -0.10259152067626270     
 -0.50952544949442868       -9.8857679981071686E-002
 -0.48341888806170352       -9.5016081912742217E-002
 -0.45783574598317162       -9.1077722171232639E-002
 -0.43273864224742598       -8.7052563319877777E-002
 -0.40809244079830753       -8.2949627799061940E-002
 -0.38386403503541555       -7.8777084294933603E-002
 -0.36002215309575658       -7.4542327688800591E-002
 -0.33653718137202310       -7.0252052898759257E-002
 -0.31338100405068520       -6.5912322977226087E-002
 -0.29052685673191658       -6.1528631859785347E-002
 -0.26794919243112253       -5.7105962173702778E-002
 -0.24562355846482550       -5.2648838517607488E-002
 -0.22352648289714913       -4.8161376617070623E-002
 -0.20163536937154192       -4.3647328750258063E-002
 -0.17992839927925944       -3.9110125822503304E-002
 -0.15838444032453600       -3.4552916452882582E-002
 -0.13698296063882870       -2.9978603418254736E-002
 -0.11570394767506863       -2.5389877783941327E-002
  -9.4527831179282110E-002  -2.0789251033727023E-002
  -7.3435409592623749E-002  -1.6179085497573520E-002
  -5.2407779283041217E-002  -1.1561623361833877E-002
  -3.1426266043351130E-002  -6.9390145357587476E-003
  -1.0472358322297141E-002  -2.3133436382462248E-003
   1.0472358322297265E-002   2.3133436382940104E-003
   3.1426266043351032E-002   6.9390145358060405E-003
   5.2407779283041342E-002   1.1561623361880742E-002
   7.3435409592623874E-002   1.6179085497619754E-002
   9.4527831179282248E-002   2.0789251033771307E-002
  0.11570394767506877        2.5389877783985056E-002
  0.13698296063882881        2.9978603418298926E-002
  0.15838444032453633        3.4552916452928066E-002
  0.17992839927925955        3.9110125822550315E-002
  0.20163536937154181        4.3647328750306184E-002
  0.22352648289714927        4.8161376617119674E-002
  0.24562355846482567        5.2648838517656990E-002
  0.26794919243112292        5.7105962173753091E-002
  0.29052685673191647        6.1528631859836314E-002
  0.31338100405068536        6.5912322977277601E-002
  0.33653718137202321        7.0252052898812020E-002
  0.36002215309575669        7.4542327688855048E-002
  0.38386403503541566        7.8777084294989266E-002
  0.40809244079830770        8.2949627799119574E-002
  0.43273864224742592        8.7052563319935689E-002
  0.45783574598317212        9.1077722171289135E-002
  0.48341888806170358        9.5016081912797271E-002
  0.50952544949442891        9.8857679981126170E-002
  0.53619529545903277       0.10259152067631673     
  0.56347104160796835       0.10620547540206669     
  0.59139835139947095       0.10968617624225985     
  0.62002626901608437       0.11301890320885384     
  0.64940759319751051       0.11618746584921037     
  0.67959929822452658       0.11917408037429135     
  0.71066300938115157       0.12195924410982352     
  0.74266554153381070       0.12452160991600819     
  0.77567951104961330       0.12683786433902516     
  0.80978403319500714       0.12888261470804360     
  0.84506551949185604       0.13062829228057968     
  0.88161859236318929       0.13204508095743292     
  0.91954713790703990       0.13310088418604030     
  0.95896552196289875       0.13376134657408695     
   1.0000000000000002       0.13398995163641192     
   1.0427903580444771       0.13374822313985330     
   1.0874918302460024       0.13299606488596527     
   1.1342773492554055       0.13169228254669849     
   1.1833401989958212       0.12979534137631810     
   1.2348971565350515       0.12726442496922702     
   1.2891922317850668       0.12406087213141359     
   1.3465011422702096       0.12015007998318561     
   1.4071366974211936       0.11550396927511290     
   1.4714553158199692       0.11010410837093716     
   1.5398649638145827       0.10394557893459040     
   1.6128348909908186        9.7041628769206134E-002
   1.6909076557850113        8.9429080842485312E-002
   1.7747140955927678        8.1174331758484791E-002
   1.8649921184853133        7.2379552496930483E-002
   1.9626105055051506        6.3188371489588974E-002
   2.0685993549187929        5.3789856145101532E-002
   2.1841894364376611        4.4419024376457200E-002
   2.3108636538824112        3.5351496554075101E-002
   2.4504251978885159        2.6889464179581671E-002
   2.6050890646938019        1.9336357973338266E-002
   2.7776068539149752        1.2959182427256272E-002
   2.9714398745574431        7.9413555717744774E-003
   3.1910038804976928        4.3355457152059402E-003
   3.4420225766692183        2.0341221761160516E-003
   3.7320508075688767        7.7928462388966496E-004
   4.0712707129971992        2.2629800443762580E-004
   4.4737428292115542        4.4547565670247425E-005
   4.9594473584510741        4.9966064668381451E-006
   5.5577663337511334        2.4082206607299988E-007
   6.3137515146750438        3.0754950643935164E-009
   7.3001780318985379        9.4698273454484495E-012
   8.6427474610313109       -3.1928574303288901E-012
   10.578894993405637        1.1787381909135357E-012
   13.617408897797487       -2.9411800707171096E-013
   19.081136687728215        4.6425460357135319E-014
   31.820515953773956       -3.0503078994255890E-015
   95.489475171113384        4.3860100450697237E-018
 
 
  -95.489475171114151       -7.9195659400155064E-017
  -31.820515953774020        1.9986239057343259E-014
  -19.081136687728222       -2.7717097592847290E-013
  -13.617408897797404        1.5933347703074308E-012
  -10.578894993405632       -5.4872911744125188E-012
  -8.6427474610313055        1.1078959112859945E-011
  -7.3001780318985325       -3.8481540851303108E-011
  -6.3137515146750385       -2.0883431540485961E-008
  -5.5577663337511289       -1.4302408783184282E-006
  -4.9594473584510688       -2.6370026933620986E-005
  -4.4737428292115498       -2.1107079307181541E-004
  -4.0712707129971948       -9.7057472410572003E-004
  -3.7320508075688799       -3.0456997205031899E-003
  -3.4420225766692205       -7.2842505185843984E-003
  -3.1910038804976888       -1.4289756257028515E-002
  -2.9714398745574400       -2.4180478813786203E-002
  -2.7776068539149756       -3.6565354837523573E-002
  -2.6050890646938019       -5.0685167154498757E-002
  -2.4504251978885159       -6.5612380302039627E-002
  -2.3108636538824077       -8.0428063544576531E-002
  -2.1841894364376602       -9.4340183936590660E-002
  -2.0685993549187920      -0.10674151910938813     
  -1.9626105055051501      -0.11722141014583110     
  -1.8649921184853129      -0.12554884735100341     
  -1.7747140955927685      -0.13164152858528527     
  -1.6909076557850105      -0.13553095338785801     
  -1.6128348909908177      -0.13732945569925581     
  -1.5398649638145820      -0.13720202581417959     
  -1.4714553158199697      -0.13534382493721744     
  -1.4071366974211938      -0.13196320009005966     
  -1.3465011422702085      -0.12726948604699340     
  -1.2891922317850657      -0.12146470650662090     
  -1.2348971565350515      -0.11473830250371606     
  -1.1833401989958212      -0.10726412011387779     
  -1.1342773492554055       -9.9199024818791587E-002
  -1.0874918302460013       -9.0682643823553344E-002
  -1.0427903580444768       -8.1837857018700222E-002
 -0.99999999999999978       -7.2771755845516026E-002
 -0.95896552196289853       -6.3576868167758371E-002
 -0.91954713790703979       -5.4332507475306144E-002
 -0.88161859236318962       -4.5106150378165961E-002
 -0.84506551949185571       -3.5954779467278208E-002
 -0.80978403319500680       -2.6926152823224837E-002
 -0.77567951104961264       -1.8059978183145951E-002
 -0.74266554153381104       -9.3889816191038943E-003
 -0.71066300938115168       -9.3986823372276972E-004
 -0.67959929822452603        7.2658224113459841E-003
 -0.64940759319750996        1.5210960469349985E-002
 -0.62002626901608426        2.2882162053580901E-002
 -0.59139835139947117        3.0269209348526900E-002
 -0.56347104160796824        3.7364546081077206E-002
 -0.53619529545903266        4.4162840169736518E-002
 -0.50952544949442868        5.0660605721089033E-002
 -0.48341888806170352        5.6855877226444217E-002
 -0.45783574598317162        6.2747929370074354E-002
 -0.43273864224742598        6.8337036605045323E-002
 -0.40809244079830753        7.3624267217623565E-002
 -0.38386403503541555        7.8611307280829185E-002
 -0.36002215309575658        8.3300310390603108E-002
 -0.33653718137202310        8.7693769650947190E-002
 -0.31338100405068520        9.1794408774485026E-002
 -0.29052685673191658        9.5605089627804854E-002
 -0.26794919243112253        9.9128733862735768E-002
 -0.24562355846482550       0.10236825663982209     
 -0.22352648289714913       0.10532651068759975     
 -0.20163536937154192       0.10800623922530266     
 -0.17992839927925944       0.11041003645530933     
 -0.15838444032453600       0.11254031455110149     
 -0.13698296063882870       0.11439927620112589     
 -0.11570394767506863       0.11598889193838732     
  -9.4527831179282110E-002  0.11731088158860109     
  -7.3435409592623749E-002  0.11836669930128776     
  -5.2407779283041217E-002  0.11915752170985751     
  -3.1426266043351130E-002  0.11968423887027151     
  -1.0472358322297141E-002  0.11994744769677378     
   1.0472358322297265E-002  0.11994744769677539     
   3.1426266043351032E-002  0.11968423887027650     
   5.2407779283041342E-002  0.11915752170986557     
   7.3435409592623874E-002  0.11836669930129960     
   9.4527831179282248E-002  0.11731088158861469     
  0.11570394767506877       0.11598889193840224     
  0.13698296063882881       0.11439927620114067     
  0.15838444032453633       0.11254031455111525     
  0.17992839927925955       0.11041003645532078     
  0.20163536937154181       0.10800623922531050     
  0.22352648289714927       0.10532651068760117     
  0.24562355846482567       0.10236825663981897     
  0.26794919243112292        9.9128733862729052E-002
  0.29052685673191647        9.5605089627796278E-002
  0.31338100405068536        9.1794408774474909E-002
  0.33653718137202321        8.7693769650935019E-002
  0.36002215309575669        8.3300310390589757E-002
  0.38386403503541566        7.8611307280814169E-002
  0.40809244079830770        7.3624267217607633E-002
  0.43273864224742592        6.8337036605027768E-002
  0.45783574598317212        6.2747929370054967E-002
  0.48341888806170358        5.6855877226422075E-002
  0.50952544949442891        5.0660605721065260E-002
  0.53619529545903277        4.4162840169709908E-002
  0.56347104160796835        3.7364546081048680E-002
  0.59139835139947095        3.0269209348496806E-002
  0.62002626901608437        2.2882162053549437E-002
  0.64940759319751051        1.5210960469316784E-002
  0.67959929822452658        7.2658224113114865E-003
  0.71066300938115157       -9.3986823375798276E-004
  0.74266554153381070       -9.3889816191401430E-003
  0.77567951104961330       -1.8059978183183202E-002
  0.80978403319500714       -2.6926152823263428E-002
  0.84506551949185604       -3.5954779467318010E-002
  0.88161859236318929       -4.5106150378206755E-002
  0.91954713790703990       -5.4332507475347687E-002
  0.95896552196289875       -6.3576868167799019E-002
   1.0000000000000002       -7.2771755845555591E-002
   1.0427903580444771       -8.1837857018738053E-002
   1.0874918302460024       -9.0682643823589371E-002
   1.1342773492554055       -9.9199024818825227E-002
   1.1833401989958212      -0.10726412011390914     
   1.2348971565350515      -0.11473830250374480     
   1.2891922317850668      -0.12146470650664658     
   1.3465011422702096      -0.12726948604701444     
   1.4071366974211936      -0.13196320009007570     
   1.4714553158199692      -0.13534382493722744     
   1.5398649638145827      -0.13720202581418375     
   1.6128348909908186      -0.13732945569925217     
   1.6909076557850113      -0.13553095338784546     
   1.7747140955927678      -0.13164152858526207     
   1.8649921184853133      -0.12554884735097149     
   1.9626105055051506      -0.11722141014579233     
   2.0685993549187929      -0.10674151910934410     
   2.1841894364376611       -9.4340183936543864E-002
   2.3108636538824112       -8.0428063544527278E-002
   2.4504251978885159       -6.5612380301988363E-002
   2.6050890646938019       -5.0685167154450476E-002
   2.7776068539149752       -3.6565354837481107E-002
   2.9714398745574431       -2.4180478813747720E-002
   3.1910038804976928       -1.4289756257010433E-002
   3.4420225766692183       -7.2842505185796991E-003
   3.7320508075688767       -3.0456997205012114E-003
   4.0712707129971992       -9.7057472410826877E-004
   4.4737428292115542       -2.1107079306637019E-004
   4.9594473584510741       -2.6370026910168931E-005
   5.5577663337511334       -1.4302408624116003E-006
   6.3137515146750438       -2.0883429085748074E-008
   7.3001780318985379       -3.8478885213704407E-011
   8.6427474610313109        1.1078212009119412E-011
   10.578894993405637       -5.4903164722456828E-012
   13.617408897797487        1.5928790784552336E-012
   19.081136687728215       -2.7760456716525151E-013
   31.820515953773956        2.0135478386631553E-014
   95.489475171113384       -3.1113093777288695E-017
 
 
  -95.489475171114151        3.1555093524298612E-016
  -31.820515953774020       -7.7419899723347142E-014
  -19.081136687728222        9.8780722850216015E-013
  -13.617408897797404       -4.8783917466942106E-012
  -10.578894993405632        1.1859459663838756E-011
  -8.6427474610313055        1.1467465368727642E-012
  -7.3001780318985325        9.6389530592509165E-011
  -6.3137515146750385        1.1364359044005616E-007
  -5.5577663337511289        6.7864548492654891E-006
  -4.9594473584510688        1.1066575626611345E-004
  -4.4737428292115498        7.9091662746951636E-004
  -4.0712707129971948        3.2714692804775426E-003
  -3.7320508075688799        9.2875721641176301E-003
  -3.4420225766692205        2.0184176006040045E-002
  -3.1910038804976888        3.6098287067944178E-002
  -2.9714398745574400        5.5816687873313661E-002
  -2.7776068539149756        7.7236654817499556E-002
  -2.6050890646938019        9.8025655595332328E-002
  -2.4504251978885159       0.11615410085545641     
  -2.3108636538824077       0.13018083195210256     
  -2.1841894364376602       0.13931737324281779     
  -2.0685993549187920       0.14335168885037661     
  -1.9626105055051501       0.14250912625024956     
  -1.8649921184853129       0.13730389840549251     
  -1.7747140955927685       0.12840968404503317     
  -1.6909076557850105       0.11656009007935331     
  -1.6128348909908177       0.10247935239672204     
  -1.5398649638145820        8.6838779076822969E-002
  -1.4714553158199697        7.0232954320701688E-002
  -1.4071366974211938        5.3169963895917938E-002
  -1.3465011422702085        3.6070883236430179E-002
  -1.2891922317850657        1.9274899143046042E-002
  -1.2348971565350515        3.0474772821651344E-003
  -1.1833401989958212       -1.2410178440169822E-002
  -1.1342773492554055       -2.6951490906751786E-002
  -1.0874918302460013       -4.0475367463087109E-002
  -1.0427903580444768       -5.2917904648116069E-002
 -0.99999999999999978       -6.4245095256081325E-002
 -0.95896552196289853       -7.4446562575546063E-002
 -0.91954713790703979       -8.3530275615390961E-002
 -0.88161859236318962       -9.1518156529239225E-002
 -0.84506551949185571       -9.8442477343930634E-002
 -0.80978403319500680      -0.10434293710408520     
 -0.77567951104961264      -0.10926431790817072     
 -0.74266554153381104      -0.11325462484053307     
 -0.71066300938115168      -0.11636362791930309     
 -0.67959929822452603      -0.11864173312584630     
 -0.64940759319750996      -0.12013912233507834     
 -0.62002626901608426      -0.12090510970628916     
 -0.59139835139947117      -0.12098767261985659     
 -0.56347104160796824      -0.12043312089647858     
 -0.53619529545903266      -0.11928587615672200     
 -0.50952544949442868      -0.11758833687489312     
 -0.48341888806170352      -0.11538081078045075     
 -0.45783574598317162      -0.11270149842182688     
 -0.43273864224742598      -0.10958651626946632     
 -0.40809244079830753      -0.10606994878934593     
 -0.38386403503541555      -0.10218392236959706     
 -0.36002215309575658       -9.7958694277725578E-002
 -0.33653718137202310       -9.3422752497253361E-002
 -0.31338100405068520       -8.8602922084549326E-002
 -0.29052685673191658       -8.3524475818692823E-002
 -0.26794919243112253       -7.8211246385746114E-002
 -0.24562355846482550       -7.2685739101247343E-002
 -0.22352648289714913       -6.6969243441095089E-002
 -0.20163536937154192       -6.1081943161124884E-002
 -0.17992839927925944       -5.5043023929488746E-002
 -0.15838444032453600       -4.8870778734256839E-002
 -0.13698296063882870       -4.2582710400845221E-002
 -0.11570394767506863       -3.6195631775475239E-002
  -9.4527831179282110E-002  -2.9725763162876555E-002
  -7.3435409592623749E-002  -2.3188827749242219E-002
  -5.2407779283041217E-002  -1.6600144751680156E-002
  -3.1426266043351130E-002  -9.9747211255254310E-003
  -1.0472358322297141E-002  -3.3273416590954208E-003
   1.0472358322297265E-002   3.3273416590475892E-003
   3.1426266043351032E-002   9.9747211254739877E-003
   5.2407779283041342E-002   1.6600144751623865E-002
   7.3435409592623874E-002   2.3188827749180116E-002
   9.4527831179282248E-002   2.9725763162804883E-002
  0.11570394767506877        3.6195631775394151E-002
  0.13698296063882881        4.2582710400758485E-002
  0.15838444032453633        4.8870778734166058E-002
  0.17992839927925955        5.5043023929394488E-002
  0.20163536937154181        6.1081943161027656E-002
  0.22352648289714927        6.6969243440994211E-002
  0.24562355846482567        7.2685739101143385E-002
  0.26794919243112292        7.8211246385639241E-002
  0.29052685673191647        8.3524475818584271E-002
  0.31338100405068536        8.8602922084439970E-002
  0.33653718137202321        9.3422752497144143E-002
  0.36002215309575669        9.7958694277617067E-002
  0.38386403503541566       0.10218392236948877     
  0.40809244079830770       0.10606994878923945     
  0.43273864224742592       0.10958651626936056     
  0.45783574598317212       0.11270149842172046     
  0.48341888806170358       0.11538081078034251     
  0.50952544949442891       0.11758833687478526     
  0.53619529545903277       0.11928587615661586     
  0.56347104160796835       0.12043312089637467     
  0.59139835139947095       0.12098767261975493     
  0.62002626901608437       0.12090510970619113     
  0.64940759319751051       0.12013912233498684     
  0.67959929822452658       0.11864173312576193     
  0.71066300938115157       0.11636362791922529     
  0.74266554153381070       0.11325462484046248     
  0.77567951104961330       0.10926431790810789     
  0.80978403319500714       0.10434293710403035     
  0.84506551949185604        9.8442477343886753E-002
  0.88161859236318929        9.1518156529207875E-002
  0.91954713790703990        8.3530275615371213E-002
  0.95896552196289875        7.4446562575536182E-002
   1.0000000000000002        6.4245095256080825E-002
   1.0427903580444771        5.2917904648124979E-002
   1.0874918302460024        4.0475367463105115E-002
   1.1342773492554055        2.6951490906780999E-002
   1.1833401989958212        1.2410178440209783E-002
   1.2348971565350515       -3.0474772821163097E-003
   1.2891922317850668       -1.9274899142990215E-002
   1.3465011422702096       -3.6070883236366202E-002
   1.4071366974211936       -5.3169963895843081E-002
   1.4714553158199692       -7.0232954320616381E-002
   1.5398649638145827       -8.6838779076727782E-002
   1.6128348909908186      -0.10247935239661621     
   1.6909076557850113      -0.11656009007923723     
   1.7747140955927678      -0.12840968404490971     
   1.8649921184853133      -0.13730389840536691     
   1.9626105055051506      -0.14250912625012568     
   2.0685993549187929      -0.14335168885025773     
   2.1841894364376611      -0.13931737324270804     
   2.3108636538824112      -0.13018083195200569     
   2.4504251978885159      -0.11615410085537822     
   2.6050890646938019       -9.8025655595277914E-002
   2.7776068539149752       -7.7236654817471856E-002
   2.9714398745574431       -5.5816687873314036E-002
   3.1910038804976928       -3.6098287067980371E-002
   3.4420225766692183       -2.0184176006083802E-002
   3.7320508075688767       -9.2875721641424609E-003
   4.0712707129971992       -3.2714692804912925E-003
   4.4737428292115542       -7.9091662746755081E-004
   4.9594473584510741       -1.1066575624970657E-004
   5.5577663337511334       -6.7864548394328291E-006
   6.3137515146750438       -1.1364359259182893E-007
   7.3001780318985379       -9.6391016356645094E-011
   8.6427474610313109       -1.1494798794129229E-012
   10.578894993405637       -1.1857586724338968E-011
   13.617408897797487        4.8764404412924696E-012
   19.081136687728215       -9.8709542426759891E-013
   31.820515953773956        7.7296813712455948E-014
   95.489475171113384       -3.8119789666314844E-016
 
 
  -95.489475171114151        6.3119891895515913E-016
  -31.820515953774020       -1.4145683321175780E-013
  -19.081136687728222        1.3925410077637274E-012
  -13.617408897797404       -2.3863915237436330E-012
  -10.578894993405632       -2.7789503142243900E-011
  -8.6427474610313055        2.4038957493405773E-010
  -7.3001780318985325        1.7573838447013609E-010
  -6.3137515146750385        5.1414403561023096E-007
  -5.5577663337511289        2.6685830932102878E-005
  -4.9594473584510688        3.8283021243671418E-004
  -4.4737428292115498        2.4275889394991743E-003
  -4.0712707129971948        8.9642113110707331E-003
  -3.7320508075688799        2.2815801082861485E-002
  -3.4420225766692205        4.4567389017943174E-002
  -3.1910038804976888        7.1711142877799686E-002
  -2.9714398745574400        9.9696685390940259E-002
  -2.7776068539149756       0.12374017758319086     
  -2.6050890646938019       0.14022858713162770     
  -2.4504251978885159       0.14730093979681069     
  -2.3108636538824077       0.14475600320403773     
  -2.1841894364376602       0.13361370061674263     
  -2.0685993549187920       0.11560093919371185     
  -1.9626105055051501        9.2713023991213298E-002
  -1.8649921184853129        6.6903865926448619E-002
  -1.7747140955927685        3.9901620710937523E-002
  -1.6909076557850105        1.3122655059641577E-002
  -1.6128348909908177       -1.2347520820446928E-002
  -1.5398649638145820       -3.5733257475216280E-002
  -1.4714553158199697       -5.6527478862899778E-002
  -1.4071366974211938       -7.4443205841307841E-002
  -1.3465011422702085       -8.9365704034674906E-002
  -1.2891922317850657      -0.10130940073547172     
  -1.2348971565350515      -0.11038130135616184     
  -1.1833401989958212      -0.11675123040852581     
  -1.1342773492554055      -0.12062843026270123     
  -1.0874918302460013      -0.12224371177566920     
  -1.0427903580444768      -0.12183622702673147     
 -0.99999999999999978      -0.11964397668352507     
 -0.95896552196289853      -0.11589724668571955     
 -0.91954713790703979      -0.11081430032059886     
 -0.88161859236318962      -0.10459876276597775     
 -0.84506551949185571       -9.7438256285247202E-002
 -0.80978403319500680       -8.9503931922681121E-002
 -0.77567951104961264       -8.0950632010665560E-002
 -0.74266554153381104       -7.1917475537204609E-002
 -0.71066300938115168       -6.2528717037543452E-002
 -0.67959929822452603       -5.2894763821202791E-002
 -0.64940759319750996       -4.3113273355607065E-002
 -0.62002626901608426       -3.3270270982310349E-002
 -0.59139835139947117       -2.3441250990371053E-002
 -0.56347104160796824       -1.3692232743444457E-002
 -0.53619529545903266       -4.0807575952327285E-003
 -0.50952544949442868        5.3431845697330324E-003
 -0.48341888806170352        1.4536301618591338E-002
 -0.45783574598317162        2.3461220630610097E-002
 -0.43273864224742598        3.2085781345014906E-002
 -0.40809244079830753        4.0382399803395912E-002
 -0.38386403503541555        4.8327496729396846E-002
 -0.36002215309575658        5.5900987215233032E-002
 -0.33653718137202310        6.3085825747554752E-002
 -0.31338100405068520        6.9867602789785835E-002
 -0.29052685673191658        7.6234187295558586E-002
 -0.26794919243112253        8.2175411625807909E-002
 -0.24562355846482550        8.7682793949023091E-002
 -0.22352648289714913        9.2749295098507739E-002
 -0.20163536937154192        9.7369105780407417E-002
 -0.17992839927925944       0.10153746166962994     
 -0.15838444032453600       0.10525048308930623     
 -0.13698296063882870       0.10850503735061945     
 -0.11570394767506863       0.11129862118797312     
  -9.4527831179282110E-002  0.11362926184989407     
  -7.3435409592623749E-002  0.11549543494495584     
  -5.2407779283041217E-002  0.11689599802556967     
  -3.1426266043351130E-002  0.11783013860493532     
  -1.0472358322297141E-002  0.11829733596011814     
   1.0472358322297265E-002  0.11829733596011983     
   3.1426266043351032E-002  0.11783013860494071     
   5.2407779283041342E-002  0.11689599802557905     
   7.3435409592623874E-002  0.11549543494496911     
   9.4527831179282248E-002  0.11362926184991158     
  0.11570394767506877       0.11129862118799481     
  0.13698296063882881       0.10850503735064507     
  0.15838444032453633       0.10525048308933599     
  0.17992839927925955       0.10153746166966347     
  0.20163536937154181        9.7369105780444803E-002
  0.22352648289714927        9.2749295098548123E-002
  0.24562355846482567        8.7682793949066834E-002
  0.26794919243112292        8.2175411625854677E-002
  0.29052685673191647        7.6234187295608824E-002
  0.31338100405068536        6.9867602789838570E-002
  0.33653718137202321        6.3085825747609348E-002
  0.36002215309575669        5.5900987215288904E-002
  0.38386403503541566        4.8327496729453939E-002
  0.40809244079830770        4.0382399803454601E-002
  0.43273864224742592        3.2085781345074789E-002
  0.45783574598317212        2.3461220630670635E-002
  0.48341888806170358        1.4536301618652877E-002
  0.50952544949442891        5.3431845697953541E-003
  0.53619529545903277       -4.0807575951702741E-003
  0.56347104160796835       -1.3692232743382124E-002
  0.59139835139947095       -2.3441250990309439E-002
  0.62002626901608437       -3.3270270982250154E-002
  0.64940759319751051       -4.3113273355549396E-002
  0.67959929822452658       -5.2894763821148563E-002
  0.71066300938115157       -6.2528717037492396E-002
  0.74266554153381070       -7.1917475537156078E-002
  0.77567951104961330       -8.0950632010619583E-002
  0.80978403319500714       -8.9503931922638710E-002
  0.84506551949185604       -9.7438256285207706E-002
  0.88161859236318929      -0.10459876276594042     
  0.91954713790703990      -0.11081430032056445     
  0.95896552196289875      -0.11589724668568797     
   1.0000000000000002      -0.11964397668349691     
   1.0427903580444771      -0.12183622702670764     
   1.0874918302460024      -0.12224371177565141     
   1.1342773492554055      -0.12062843026269143     
   1.1833401989958212      -0.11675123040852474     
   1.2348971565350515      -0.11038130135617012     
   1.2891922317850668      -0.10130940073548830     
   1.3465011422702096       -8.9365704034698776E-002
   1.4071366974211936       -7.4443205841338900E-002
   1.4714553158199692       -5.6527478862937859E-002
   1.5398649638145827       -3.5733257475259787E-002
   1.6128348909908186       -1.2347520820493991E-002
   1.6909076557850113        1.3122655059592264E-002
   1.7747140955927678        3.9901620710888860E-002
   1.8649921184853133        6.6903865926403974E-002
   1.9626105055051506        9.2713023991174370E-002
   2.0685993549187929       0.11560093919368103     
   2.1841894364376611       0.13361370061672229     
   2.3108636538824112       0.14475600320403054     
   2.4504251978885159       0.14730093979681744     
   2.6050890646938019       0.14022858713164923     
   2.7776068539149752       0.12374017758323047     
   2.9714398745574431        9.9696685390993314E-002
   3.1910038804976928        7.1711142877857695E-002
   3.4420225766692183        4.4567389017994070E-002
   3.7320508075688767        2.2815801082887395E-002
   4.0712707129971992        8.9642113110762929E-003
   4.4737428292115542        2.4275889394915107E-003
   4.9594473584510741        3.8283021243270545E-004
   5.5577663337511334        2.6685830940337160E-005
   6.3137515146750438        5.1414404258375581E-007
   7.3001780318985379        1.7575032248597273E-010
   8.6427474610313109        2.4038817142708472E-010
   10.578894993405637       -2.7790247283445142E-011
   13.617408897797487       -2.3850108670944481E-012
   19.081136687728215        1.3920173671365516E-012
   31.820515953773956       -1.4110857494368859E-013
   95.489475171113384        6.2993947647567302E-016
 
 
  -95.489475171114151       -4.3066065035566609E-016
  -31.820515953774020        1.8892240844907641E-013
  -19.081136687728222       -4.9876769263875351E-012
  -13.617408897797404        5.2737487301170419E-011
  -10.578894993405632       -3.3740374261610216E-010
  -8.6427474610313055        1.4676820097829458E-009
  -7.3001780318985325        1.1007148816530227E-009
  -6.3137515146750385        2.0380619669239456E-006
  -5.5577663337511289        9.1617991410474143E-005
  -4.9594473584510688        1.1492943545421672E-003
  -4.4737428292115498        6.4182251456612761E-003
  -4.0712707129971948        2.0961980919479282E-002
  -3.7320508075688799        4.7273023211966123E-002
  -3.4420225766692205        8.1755620732284109E-002
  -3.1910038804976888       0.11604005124893210     
  -2.9714398745574400       0.14125324569752809     
  -2.7776068539149756       0.15155895183926771     
  -2.6050890646938019       0.14535026397604187     
  -2.4504251978885159       0.12455743077283941     
  -2.3108636538824077        9.3178377095458786E-002
  -2.1841894364376602        5.5866668000134859E-002
  -2.0685993549187920        1.6943895444086036E-002
  -1.9626105055051501       -2.0123476880320523E-002
  -1.8649921184853129       -5.2890108565890527E-002
  -1.7747140955927685       -7.9876818614696032E-002
  -1.6909076557850105      -0.10040723940139716     
  -1.6128348909908177      -0.11441135352382097     
  -1.5398649638145820      -0.12223875829479772     
  -1.4714553158199697      -0.12450134465568372     
  -1.4071366974211938      -0.12195111845684073     
  -1.3465011422702085      -0.11539127470873793     
  -1.2891922317850657      -0.10561543724759248     
  -1.2348971565350515       -9.3369020427140847E-002
  -1.1833401989958212       -7.9327104792602174E-002
  -1.1342773492554055       -6.4084025512706547E-002
  -1.0874918302460013       -4.8150930566184899E-002
  -1.0427903580444768       -3.1958436794932092E-002
 -0.99999999999999978       -1.5862343175889158E-002
 -0.95896552196289853       -1.5093213868952235E-004
 -0.91954713790703979        1.4947098010712265E-002
 -0.88161859236318962        2.9254721655832587E-002
 -0.84506551949185571        4.2639064810310677E-002
 -0.80978403319500680        5.5004507409191307E-002
 -0.77567951104961264        6.6286494754784930E-002
 -0.74266554153381104        7.6446098871433957E-002
 -0.71066300938115168        8.5465295567216382E-002
 -0.67959929822452603        9.3342922335117484E-002
 -0.64940759319750996       0.10009124307249734     
 -0.62002626901608426       0.10573306395425980     
 -0.59139835139947117       0.11029932226130262     
 -0.56347104160796824       0.11382709477240174     
 -0.53619529545903266       0.11635795693596908     
 -0.50952544949442868       0.11793664958145049     
 -0.48341888806170352       0.11860999727846756     
 -0.45783574598317162       0.11842604645261448     
 -0.43273864224742598       0.11743337956398921     
 -0.40809244079830753       0.11568058344403734     
 -0.38386403503541555       0.11321583821713829     
 -0.36002215309575658       0.11008661283589431     
 -0.33653718137202310       0.10633944152212794     
 -0.31338100405068520       0.10201977310046978     
 -0.29052685673191658        9.7171873404660908E-002
 -0.26794919243112253        9.1838777062076091E-002
 -0.24562355846482550        8.6062273142067811E-002
 -0.22352648289714913        7.9882924027243438E-002
 -0.20163536937154192        7.3340105091296334E-002
 -0.17992839927925944        6.6472066660196269E-002
 -0.15838444032453600        5.9316008041117960E-002
 -0.13698296063882870        5.1908166539089168E-002
 -0.11570394767506863        4.4283912788037623E-002
  -9.4527831179282110E-002   3.6477856280941579E-002
  -7.3435409592623749E-002   2.8523953485141848E-002
  -5.2407779283041217E-002   2.0455623054722736E-002
  -3.1426266043351130E-002   1.2305861226517202E-002
  -1.0472358322297141E-002   4.1073622984138117E-003
   1.0472358322297265E-002  -4.1073622985307104E-003
   3.1426266043351032E-002  -1.2305861226631234E-002
   5.2407779283041342E-002  -2.0455623054833026E-002
   7.3435409592623874E-002  -2.8523953485247094E-002
   9.4527831179282248E-002  -3.6477856281037724E-002
  0.11570394767506877       -4.4283912788123270E-002
  0.13698296063882881       -5.1908166539165336E-002
  0.15838444032453633       -5.9316008041185711E-002
  0.17992839927925955       -6.6472066660253945E-002
  0.20163536937154181       -7.3340105091343463E-002
  0.22352648289714927       -7.9882924027279839E-002
  0.24562355846482567       -8.6062273142092610E-002
  0.26794919243112292       -9.1838777062088470E-002
  0.29052685673191647       -9.7171873404661990E-002
  0.31338100405068536      -0.10201977310046086     
  0.33653718137202321      -0.10633944152210759     
  0.36002215309575669      -0.11008661283586336     
  0.38386403503541566      -0.11321583821709791     
  0.40809244079830770      -0.11568058344398843     
  0.43273864224742592      -0.11743337956393117     
  0.45783574598317212      -0.11842604645254536     
  0.48341888806170358      -0.11860999727838767     
  0.50952544949442891      -0.11793664958136073     
  0.53619529545903277      -0.11635795693587013     
  0.56347104160796835      -0.11382709477229554     
  0.59139835139947095      -0.11029932226118966     
  0.62002626901608437      -0.10573306395414266     
  0.64940759319751051      -0.10009124307237895     
  0.67959929822452658       -9.3342922334999204E-002
  0.71066300938115157       -8.5465295567098712E-002
  0.74266554153381070       -7.6446098871319298E-002
  0.77567951104961330       -6.6286494754674768E-002
  0.80978403319500714       -5.5004507409088417E-002
  0.84506551949185604       -4.2639064810218640E-002
  0.88161859236318929       -2.9254721655754296E-002
  0.91954713790703990       -1.4947098010649716E-002
  0.95896552196289875        1.5093213873632494E-004
   1.0000000000000002        1.5862343175918770E-002
   1.0427903580444771        3.1958436794941217E-002
   1.0874918302460024        4.8150930566175580E-002
   1.1342773492554055        6.4084025512679457E-002
   1.1833401989958212        7.9327104792559278E-002
   1.2348971565350515        9.3369020427084337E-002
   1.2891922317850668       0.10561543724752429     
   1.3465011422702096       0.11539127470865816     
   1.4071366974211936       0.12195111845674853     
   1.4714553158199692       0.12450134465558188     
   1.5398649638145827       0.12223875829468701     
   1.6128348909908186       0.11441135352370402     
   1.6909076557850113       0.10040723940127995     
   1.7747140955927678        7.9876818614585177E-002
   1.8649921184853133        5.2890108565791148E-002
   1.9626105055051506        2.0123476880240281E-002
   2.0685993549187929       -1.6943895444138147E-002
   2.1841894364376611       -5.5866668000151137E-002
   2.3108636538824112       -9.3178377095435860E-002
   2.4504251978885159      -0.12455743077277298     
   2.6050890646938019      -0.14535026397594589     
   2.7776068539149752      -0.15155895183916057     
   2.9714398745574431      -0.14125324569741515     
   3.1910038804976928      -0.11604005124882509     
   3.4420225766692183       -8.1755620732215484E-002
   3.7320508075688767       -4.7273023211935293E-002
   4.0712707129971992       -2.0961980919472392E-002
   4.4737428292115542       -6.4182251456495242E-003
   4.9594473584510741       -1.1492943545341316E-003
   5.5577663337511334       -9.1617991416575816E-005
   6.3137515146750438       -2.0380619638385251E-006
   7.3001780318985379       -1.1007214366887277E-009
   8.6427474610313109       -1.4676771610829227E-009
   10.578894993405637        3.3740362561938712E-010
   13.617408897797487       -5.2738328262416620E-011
   19.081136687728215        4.9872655451565839E-012
   31.820515953773956       -1.8922357771388472E-013
   95.489475171113384        4.4146230422899714E-016
 
 
  -95.489475171114151       -9.4798851628986090E-015
  -31.820515953774020        2.6367088643147803E-012
  -19.081136687728222       -4.3392089155148382E-011
  -13.617408897797404        3.2055800921860704E-010
  -10.578894993405632       -1.5647465441572254E-009
  -8.6427474610313055        5.4064214485602285E-009
  -7.3001780318985325        1.0065052166698224E-008
  -6.3137515146750385        7.1903574896571215E-006
  -5.5577663337511289        2.7871226827415118E-004
  -4.9594473584510688        3.0361062990077138E-003
  -4.4737428292115498        1.4799022701220618E-002
  -4.0712707129971948        4.2248126371189791E-002
  -3.7320508075688799        8.3082911605171075E-002
  -3.4420225766692205       0.12439939237861938     
  -3.1910038804976888       0.15070977332571203     
  -2.9714398745574400       0.15254531374268301     
  -2.7776068539149756       0.12940895435027411     
  -2.6050890646938019        8.7664226134582190E-002
  -2.4504251978885159        3.6625341703589956E-002
  -2.3108636538824077       -1.4728961482354858E-002
  -2.1841894364376602       -5.9582984766538977E-002
  -2.0685993549187920       -9.3820787171377970E-002
  -1.9626105055051501      -0.11576649489035339     
  -1.8649921184853129      -0.12558020567424077     
  -1.7747140955927685      -0.12460294949178984     
  -1.6909076557850105      -0.11479797903271050     
  -1.6128348909908177       -9.8337084945966366E-002
  -1.5398649638145820       -7.7327909770021172E-002
  -1.4714553158199697       -5.3655792962981529E-002
  -1.4071366974211938       -2.8909050408261312E-002
  -1.3465011422702085       -4.3597267088942302E-003
  -1.2891922317850657        1.9021919221238293E-002
  -1.2348971565350515        4.0534876940409685E-002
  -1.1833401989958212        5.9707179569193157E-002
  -1.1342773492554055        7.6254571342639021E-002
  -1.0874918302460013        9.0041724733112255E-002
  -1.0427903580444768       0.10104789656103895     
 -0.99999999999999978       0.10933767484036226     
 -0.95896552196289853       0.11503682618869983     
 -0.91954713790703979       0.11831282537664112     
 -0.88161859236318962       0.11935951767053833     
 -0.84506551949185571       0.11838527326704500     
 -0.80978403319500680       0.11560404802986787     
 -0.77567951104961264       0.11122878770337433     
 -0.74266554153381104       0.10546671290027414     
 -0.71066300938115168        9.8516068972590312E-002
 -0.67959929822452603        9.0564018825186651E-002
 -0.64940759319750996        8.1785396772767832E-002
 -0.62002626901608426        7.2342115672531612E-002
 -0.59139835139947117        6.2383046179846281E-002
 -0.56347104160796824        5.2044241465658128E-002
 -0.53619529545903266        4.1449395414138328E-002
 -0.50952544949442868        3.0710461224966457E-002
 -0.48341888806170352        1.9928363458734881E-002
 -0.45783574598317162        9.1937641592816869E-003
 -0.43273864224742598       -1.4121556629748656E-003
 -0.40809244079830753       -1.1816918189097345E-002
 -0.38386403503541555       -2.1955996095732722E-002
 -0.36002215309575658       -3.1772092207917609E-002
 -0.33653718137202310       -4.1214462799676707E-002
 -0.31338100405068520       -5.0238285264517443E-002
 -0.29052685673191658       -5.8804075582129259E-002
 -0.26794919243112253       -6.6877153037471215E-002
 -0.24562355846482550       -7.4427154366701234E-002
 -0.22352648289714913       -8.1427593411702262E-002
 -0.20163536937154192       -8.7855466757663273E-002
 -0.17992839927925944       -9.3690901141105676E-002
 -0.15838444032453600       -9.8916842300541152E-002
 -0.13698296063882870      -0.10351878135683451     
 -0.11570394767506863      -0.10748451809842975     
  -9.4527831179282110E-002 -0.11080395786884036     
  -7.3435409592623749E-002 -0.11346894140927406     
  -5.2407779283041217E-002 -0.11547310511540916     
  -3.1426266043351130E-002 -0.11681177118180662     
  -1.0472358322297141E-002 -0.11748186592094795     
   1.0472358322297265E-002 -0.11748186592094648     
   3.1426266043351032E-002 -0.11681177118180242     
   5.2407779283041342E-002 -0.11547310511540287     
   7.3435409592623874E-002 -0.11346894140926579     
   9.4527831179282248E-002 -0.11080395786883190     
  0.11570394767506877      -0.10748451809842095     
  0.13698296063882881      -0.10351878135682525     
  0.15838444032453633       -9.8916842300531216E-002
  0.17992839927925955       -9.3690901141095836E-002
  0.20163536937154181       -8.7855466757653586E-002
  0.22352648289714927       -8.1427593411691812E-002
  0.24562355846482567       -7.4427154366690285E-002
  0.26794919243112292       -6.6877153037459086E-002
  0.29052685673191647       -5.8804075582116477E-002
  0.31338100405068536       -5.0238285264504419E-002
  0.33653718137202321       -4.1214462799663870E-002
  0.36002215309575669       -3.1772092207905750E-002
  0.38386403503541566       -2.1955996095721922E-002
  0.40809244079830770       -1.1816918189088060E-002
  0.43273864224742592       -1.4121556629666191E-003
  0.45783574598317212        9.1937641592900604E-003
  0.48341888806170358        1.9928363458743704E-002
  0.50952544949442891        3.0710461224975252E-002
  0.53619529545903277        4.1449395414146786E-002
  0.56347104160796835        5.2044241465666198E-002
  0.59139835139947095        6.2383046179854143E-002
  0.62002626901608437        7.2342115672539675E-002
  0.64940759319751051        8.1785396772774882E-002
  0.67959929822452658        9.0564018825193271E-002
  0.71066300938115157        9.8516068972596058E-002
  0.74266554153381070       0.10546671290028004     
  0.77567951104961330       0.11122878770338021     
  0.80978403319500714       0.11560404802987331     
  0.84506551949185604       0.11838527326704958     
  0.88161859236318929       0.11935951767054137     
  0.91954713790703990       0.11831282537664221     
  0.95896552196289875       0.11503682618869886     
   1.0000000000000002       0.10933767484035870     
   1.0427903580444771       0.10104789656103280     
   1.0874918302460024        9.0041724733103540E-002
   1.1342773492554055        7.6254571342627572E-002
   1.1833401989958212        5.9707179569178585E-002
   1.2348971565350515        4.0534876940392525E-002
   1.2891922317850668        1.9021919221219308E-002
   1.3465011422702096       -4.3597267089133156E-003
   1.4071366974211936       -2.8909050408280311E-002
   1.4714553158199692       -5.3655792963000389E-002
   1.5398649638145827       -7.7327909770039560E-002
   1.6128348909908186       -9.8337084945983727E-002
   1.6909076557850113      -0.11479797903272823     
   1.7747140955927678      -0.12460294949181000     
   1.8649921184853133      -0.12558020567426037     
   1.9626105055051506      -0.11576649489037057     
   2.0685993549187929       -9.3820787171391126E-002
   2.1841894364376611       -5.9582984766548927E-002
   2.3108636538824112       -1.4728961482362151E-002
   2.4504251978885159        3.6625341703585133E-002
   2.6050890646938019        8.7664226134590600E-002
   2.7776068539149752       0.12940895435029856     
   2.9714398745574431       0.15254531374271343     
   3.1910038804976928       0.15070977332574945     
   3.4420225766692183       0.12439939237867730     
   3.7320508075688767        8.3082911605242407E-002
   4.0712707129971992        4.2248126371254670E-002
   4.4737428292115542        1.4799022701245036E-002
   4.9594473584510741        3.0361062989903223E-003
   5.5577663337511334        2.7871226824818270E-004
   6.3137515146750438        7.1903574691843876E-006
   7.3001780318985379        1.0065042695382036E-008
   8.6427474610313109        5.4064202658574598E-009
   10.578894993405637       -1.5647502255642535E-009
   13.617408897797487        3.2055984864300677E-010
   19.081136687728215       -4.3391284041062050E-011
   31.820515953773956        2.6367781029526484E-012
   95.489475171113384       -9.4825495996133520E-015
 
 
  -95.489475171114151        4.2071714193328046E-014
  -31.820515953774020       -1.1125400162183809E-011
  -19.081136687728222        1.6738340788427508E-010
  -13.617408897797404       -1.1004191587935943E-009
  -10.578894993405632        4.6506083292452731E-009
  -8.6427474610313055       -1.3073789387401132E-008
  -7.3001780318985325       -6.5010204555981306E-008
  -6.3137515146750385       -2.3027964056589118E-005
  -5.5577663337511289       -7.6542932650035050E-004
  -4.9594473584510688       -7.1825438973253100E-003
  -4.4737428292115498       -3.0224889644944731E-002
  -4.0712707129971948       -7.4260320841522884E-002
  -3.7320508075688799      -0.12443867306831596     
  -3.4420225766692205      -0.15546238585509783     
  -3.1910038804976888      -0.15053130909344514     
  -2.9714398745574400      -0.11018438719876314     
  -2.7776068539149756       -4.8058827227908822E-002
  -2.6050890646938019        1.8239296750457431E-002
  -2.4504251978885159        7.4213073368695537E-002
  -2.3108636538824077       0.11145639401152262     
  -2.1841894364376602       0.12749703173781832     
  -2.0685993549187920       0.12415094486133477     
  -1.9626105055051501       0.10561456629619483     
  -1.8649921184853129        7.6909266534549256E-002
  -1.7747140955927685        4.2851974532746147E-002
  -1.6909076557850105        7.5003592139464715E-003
  -1.6128348909908177       -2.6056648760690776E-002
  -1.5398649638145820       -5.5693045773352268E-002
  -1.4714553158199697       -8.0126169038331460E-002
  -1.4071366974211938       -9.8751926958366931E-002
  -1.3465011422702085      -0.11147581340150423     
  -1.2891922317850657      -0.11856114530741947     
  -1.2348971565350515      -0.12050325860445947     
  -1.1833401989958212      -0.11793118876913408     
  -1.1342773492554055      -0.11153446563487249     
  -1.0874918302460013      -0.10201116877583363     
  -1.0427903580444768       -9.0032935070424244E-002
 -0.99999999999999978       -7.6223009123325275E-002
 -0.95896552196289853       -6.1143895755828688E-002
 -0.91954713790703979       -4.5291910629258615E-002
 -0.88161859236318962       -2.9096435468269077E-002
 -0.84506551949185571       -1.2922297309827375E-002
 -0.80978403319500680        2.9259666118139223E-003
 -0.77567951104961264        1.8198774935030138E-002
 -0.74266554153381104        3.2695735962786077E-002
 -0.71066300938115168        4.6259814275312082E-002
 -0.67959929822452603        5.8771726487889399E-002
 -0.64940759319750996        7.0144688426686794E-002
 -0.62002626901608426        8.0319632604237426E-002
 -0.59139835139947117        8.9260898895529933E-002
 -0.56347104160796824        9.6952432565500041E-002
 -0.53619529545903266       0.10339444070262267     
 -0.50952544949442868       0.10860050572461211     
 -0.48341888806170352       0.11259508965527507     
 -0.45783574598317162       0.11541141681224330     
 -0.43273864224742598       0.11708966749084268     
 -0.40809244079830753       0.11767547037642430     
 -0.38386403503541555       0.11721863185569704     
 -0.36002215309575658       0.11577209436515359     
 -0.33653718137202310       0.11339106952478922     
 -0.31338100405068520       0.11013234365629786     
 -0.29052685673191658       0.10605370886338250     
 -0.26794919243112253       0.10121352237621863     
 -0.24562355846482550        9.5670353779217218E-002
 -0.22352648289714913        8.9482727068399340E-002
 -0.20163536937154192        8.2708922393736312E-002
 -0.17992839927925944        7.5406847740533495E-002
 -0.15838444032453600        6.7633949490069956E-002
 -0.13698296063882870        5.9447174579815194E-002
 -0.11570394767506863        5.0902956287638114E-002
  -9.4527831179282110E-002   4.2057238131947595E-002
  -7.3435409592623749E-002   3.2965510161037069E-002
  -5.2407779283041217E-002   2.3682873344148536E-002
  -3.1426266043351130E-002   1.4264107895525575E-002
  -1.0472358322297141E-002   4.7637620313724571E-003
   1.0472358322297265E-002  -4.7637620313454353E-003
   3.1426266043351032E-002  -1.4264107895495488E-002
   5.2407779283041342E-002  -2.3682873344114449E-002
   7.3435409592623874E-002  -3.2965510160998475E-002
   9.4527831179282248E-002  -4.2057238131900564E-002
  0.11570394767506877       -5.0902956287583130E-002
  0.13698296063882881       -5.9447174579754444E-002
  0.15838444032453633       -6.7633949490005382E-002
  0.17992839927925955       -7.5406847740463856E-002
  0.20163536937154181       -8.2708922393661496E-002
  0.22352648289714927       -8.9482727068319598E-002
  0.24562355846482567       -9.5670353779132009E-002
  0.26794919243112292      -0.10121352237612823     
  0.29052685673191647      -0.10605370886328863     
  0.31338100405068536      -0.11013234365620209     
  0.33653718137202321      -0.11339106952469230     
  0.36002215309575669      -0.11577209436505746     
  0.38386403503541566      -0.11721863185560363     
  0.40809244079830770      -0.11767547037633452     
  0.43273864224742592      -0.11708966749075655     
  0.45783574598317212      -0.11541141681216051     
  0.48341888806170358      -0.11259508965519606     
  0.50952544949442891      -0.10860050572453739     
  0.53619529545903277      -0.10339444070255190     
  0.56347104160796835       -9.6952432565434107E-002
  0.59139835139947095       -8.9260898895470300E-002
  0.62002626901608437       -8.0319632604185856E-002
  0.64940759319751051       -7.0144688426646451E-002
  0.67959929822452658       -5.8771726487862282E-002
  0.71066300938115157       -4.6259814275298197E-002
  0.74266554153381070       -3.2695735962787867E-002
  0.77567951104961330       -1.8198774935047901E-002
  0.80978403319500714       -2.9259666118496503E-003
  0.84506551949185604        1.2922297309771263E-002
  0.88161859236318929        2.9096435468189959E-002
  0.91954713790703990        4.5291910629156676E-002
  0.95896552196289875        6.1143895755707528E-002
   1.0000000000000002        7.6223009123186775E-002
   1.0427903580444771        9.0032935070268327E-002
   1.0874918302460024       0.10201116877566703     
   1.1342773492554055       0.11153446563470047     
   1.1833401989958212       0.11793118876896373     
   1.2348971565350515       0.12050325860429834     
   1.2891922317850668       0.11856114530727516     
   1.3465011422702096       0.11147581340138348     
   1.4071366974211936        9.8751926958274130E-002
   1.4714553158199692        8.0126169038272604E-002
   1.5398649638145827        5.5693045773330056E-002
   1.6128348909908186        2.6056648760707270E-002
   1.6909076557850113       -7.5003592138925589E-003
   1.7747140955927678       -4.2851974532656434E-002
   1.8649921184853133       -7.6909266534433432E-002
   1.9626105055051506      -0.10561456629606363     
   2.0685993549187929      -0.12415094486120118     
   2.1841894364376611      -0.12749703173770294     
   2.3108636538824112      -0.11145639401144901     
   2.4504251978885159       -7.4213073368682755E-002
   2.6050890646938019       -1.8239296750517719E-002
   2.7776068539149752        4.8058827227772501E-002
   2.9714398745574431       0.11018438719857133     
   3.1910038804976928       0.15053130909323026     
   3.4420225766692183       0.15546238585489794     
   3.7320508075688767       0.12443867306817455     
   4.0712707129971992        7.4260320841448124E-002
   4.4737428292115542        3.0224889644926166E-002
   4.9594473584510741        7.1825438973017316E-003
   5.5577663337511334        7.6542932646050379E-004
   6.3137515146750438        2.3027964033557750E-005
   7.3001780318985379        6.5010194082894615E-008
   8.6427474610313109        1.3073790492595975E-008
   10.578894993405637       -4.6506148829859944E-009
   13.617408897797487        1.1004192434258288E-009
   19.081136687728215       -1.6738252825491554E-010
   31.820515953773956        1.1125478315679540E-011
   95.489475171113384       -4.2057011245637208E-014
 
 
  -95.489475171114151        1.1600775864545121E-013
  -31.820515953774020       -2.9755271396782623E-011
  -19.081136687728222        4.2063047353398084E-010
  -13.617408897797404       -2.4962423731163410E-009
  -10.578894993405632        8.8183448391573793E-009
  -8.6427474610313055       -1.5687763987135107E-008
  -7.3001780318985325       -3.1002382269384790E-007
  -6.3137515146750385       -6.7554394547399496E-005
  -5.5577663337511289       -1.9122539335821179E-003
  -4.9594473584510688       -1.5311349761859145E-002
  -4.4737428292115498       -5.4860801777425069E-002
  -4.0712707129971948      -0.11353955114676360     
  -3.7320508075688799      -0.15629167753644468     
  -3.4420225766692205      -0.15152530599693717     
  -3.1910038804976888       -9.7131118821940018E-002
  -2.9714398745574400       -1.6578974413914694E-002
  -2.7776068539149756        6.0191850232317309E-002
  -2.6050890646938019       0.11177948851690045     
  -2.4504251978885159       0.13008914977835886     
  -2.3108636538824077       0.11790465653869812     
  -2.1841894364376602        8.3992723588727031E-002
  -2.0685993549187920        3.8739901835432661E-002
  -1.9626105055051501       -8.6192834515681997E-003
  -1.8649921184853129       -5.1258134033005359E-002
  -1.7747140955927685       -8.4970364307242294E-002
  -1.6909076557850105      -0.10782139063221045     
  -1.6128348909908177      -0.11958479378620192     
  -1.5398649638145820      -0.12116959720716140     
  -1.4714553158199697      -0.11413480523409390     
  -1.4071366974211938      -0.10032274504550483     
  -1.3465011422702085       -8.1605993764162318E-002
  -1.2891922317850657       -5.9729063792573520E-002
  -1.2348971565350515       -3.6221131589471212E-002
  -1.1833401989958212       -1.2359109331675945E-002
  -1.1342773492554055        1.0836694429870128E-002
  -1.0874918302460013        3.2586867917700491E-002
  -1.0427903580444768        5.2326752612875387E-002
 -0.99999999999999978        6.9675677758777851E-002
 -0.95896552196289853        8.4405835042838398E-002
 -0.91954713790703979        9.6412798567952498E-002
 -0.88161859236318962       0.10568919274891098     
 -0.84506551949185571       0.11230174787535625     
 -0.80978403319500680       0.11637204155623440     
 -0.77567951104961264       0.11806050229637545     
 -0.74266554153381104       0.11755354622586492     
 -0.71066300938115168       0.11505326764434282     
 -0.67959929822452603       0.11076946518175415     
 -0.64940759319750996       0.10491346784035605     
 -0.62002626901608426        9.7693576813342425E-002
 -0.59139835139947117        8.9311688633630495E-002
 -0.56347104160796824        7.9960979508208671E-002
 -0.53619529545903266        6.9824318425811910E-002
 -0.50952544949442868        5.9073347547333718E-002
 -0.48341888806170352        4.7867981899750923E-002
 -0.45783574598317162        3.6356310486325066E-002
 -0.43273864224742598        2.4674715139229933E-002
 -0.40809244079830753        1.2948217862124141E-002
 -0.38386403503541555        1.2909201001366569E-003
 -0.36002215309575658       -1.0193438567989535E-002
 -0.33653718137202310       -2.1410904874798159E-002
 -0.31338100405068520       -3.2276683709685262E-002
 -0.29052685673191658       -4.2714535350555652E-002
 -0.26794919243112253       -5.2656159811682417E-002
 -0.24562355846482550       -6.2040628282328404E-002
 -0.22352648289714913       -7.0813824503399347E-002
 -0.20163536937154192       -7.8927942524119638E-002
 -0.17992839927925944       -8.6341007038991877E-002
 -0.15838444032453600       -9.3016452232438693E-002
 -0.13698296063882870       -9.8922729992859865E-002
 -0.11570394767506863      -0.10403297492401771     
  -9.4527831179282110E-002 -0.10832470240248100     
  -7.3435409592623749E-002 -0.11177955994087646     
  -5.2407779283041217E-002 -0.11438311386805745     
  -3.1426266043351130E-002 -0.11612468527999506     
  -1.0472358322297141E-002 -0.11699722321185611     
   1.0472358322297265E-002 -0.11699722321185163     
   3.1426266043351032E-002 -0.11612468527998127     
   5.2407779283041342E-002 -0.11438311386803424     
   7.3435409592623874E-002 -0.11177955994084465     
   9.4527831179282248E-002 -0.10832470240244176     
  0.11570394767506877      -0.10403297492397126     
  0.13698296063882881       -9.8922729992807185E-002
  0.15838444032453633       -9.3016452232379282E-002
  0.17992839927925955       -8.6341007038927872E-002
  0.20163536937154181       -7.8927942524052053E-002
  0.22352648289714927       -7.0813824503329001E-002
  0.24562355846482567       -6.2040628282254637E-002
  0.26794919243112292       -5.2656159811605402E-002
  0.29052685673191647       -4.2714535350476118E-002
  0.31338100405068536       -3.2276683709602898E-002
  0.33653718137202321       -2.1410904874715218E-002
  0.36002215309575669       -1.0193438567906950E-002
  0.38386403503541566        1.2909201002183283E-003
  0.40809244079830770        1.2948217862202687E-002
  0.43273864224742592        2.4674715139305289E-002
  0.45783574598317212        3.6356310486397640E-002
  0.48341888806170358        4.7867981899820389E-002
  0.50952544949442891        5.9073347547399319E-002
  0.53619529545903277        6.9824318425870696E-002
  0.56347104160796835        7.9960979508259755E-002
  0.59139835139947095        8.9311688633672684E-002
  0.62002626901608437        9.7693576813374927E-002
  0.64940759319751051       0.10491346784037808     
  0.67959929822452658       0.11076946518176439     
  0.71066300938115157       0.11505326764434058     
  0.74266554153381070       0.11755354622585189     
  0.77567951104961330       0.11806050229635152     
  0.80978403319500714       0.11637204155619839     
  0.84506551949185604       0.11230174787530990     
  0.88161859236318929       0.10568919274885910     
  0.91954713790703990        9.6412798567896821E-002
  0.95896552196289875        8.4405835042779223E-002
   1.0000000000000002        6.9675677758716748E-002
   1.0427903580444771        5.2326752612812992E-002
   1.0874918302460024        3.2586867917636098E-002
   1.1342773492554055        1.0836694429805305E-002
   1.1833401989958212       -1.2359109331739011E-002
   1.2348971565350515       -3.6221131589529353E-002
   1.2891922317850668       -5.9729063792624139E-002
   1.3465011422702096       -8.1605993764200177E-002
   1.4071366974211936      -0.10032274504552616     
   1.4714553158199692      -0.11413480523409993     
   1.5398649638145827      -0.12116959720715152     
   1.6128348909908186      -0.11958479378617290     
   1.6909076557850113      -0.10782139063216457     
   1.7747140955927678       -8.4970364307183993E-002
   1.8649921184853133       -5.1258134032934430E-002
   1.9626105055051506       -8.6192834514913115E-003
   2.0685993549187929        3.8739901835502168E-002
   2.1841894364376611        8.3992723588776699E-002
   2.3108636538824112       0.11790465653871926     
   2.4504251978885159       0.13008914977834382     
   2.6050890646938019       0.11177948851685707     
   2.7776068539149752        6.0191850232258301E-002
   2.9714398745574431       -1.6578974413977994E-002
   3.1910038804976928       -9.7131118821965748E-002
   3.4420225766692183      -0.15152530599688890     
   3.7320508075688767      -0.15629167753634365     
   4.0712707129971992      -0.11353955114664849     
   4.4737428292115542       -5.4860801777371050E-002
   4.9594473584510741       -1.5311349761847571E-002
   5.5577663337511334       -1.9122539335735430E-003
   6.3137515146750438       -6.7554394535284838E-005
   7.3001780318985379       -3.1002381738931555E-007
   8.6427474610313109       -1.5687757564982920E-008
   10.578894993405637        8.8183474459479555E-009
   13.617408897797487       -2.4962389810486686E-009
   19.081136687728215        4.2063015425298833E-010
   31.820515953773956       -2.9755435020464006E-011
   95.489475171113384        1.1602486201053586E-013
 
 
  -95.489475171114151       -2.1386822336677768E-013
  -31.820515953774020        5.2548411591345787E-011
  -19.081136687728222       -6.7171736725257326E-010
  -13.617408897797404        3.2079888290058970E-009
  -10.578894993405632       -5.5560220307227029E-009
  -8.6427474610313055       -2.7393627461060786E-008
  -7.3001780318985325        1.1758066752558260E-006
  -6.3137515146750385        1.8331752917688288E-004
  -5.5577663337511289        4.3817199498221299E-003
  -4.9594473584510688        2.9598593626955862E-002
  -4.4737428292115498        8.8678965306235716E-002
  -4.0712707129971948       0.14974288720512052     
  -3.7320508075688799       0.15832156433249830     
  -3.4420225766692205        9.7519452684363336E-002
  -3.1910038804976888        4.3658300043973497E-006
  -2.9714398745574400       -8.5968033400659838E-002
  -2.7776068539149756      -0.12882590377378389     
  -2.6050890646938019      -0.12277590059626114     
  -2.4504251978885159       -8.0339601061845914E-002
  -2.3108636538824077       -2.0803761228981706E-002
  -2.1841894364376602        3.8266283150786944E-002
  -2.0685993549187920        8.4943214785589916E-002
  -1.9626105055051501       0.11344811232984602     
  -1.8649921184853129       0.12292444480233833     
  -1.7747140955927685       0.11570222952480096     
  -1.6909076557850105        9.5725757204880094E-002
  -1.6128348909908177        6.7390374887452212E-002
  -1.5398649638145820        3.4810964032741851E-002
  -1.4714553158199697        1.4368724306424621E-003
  -1.4071366974211938       -3.0087494301537534E-002
  -1.3465011422702085       -5.7912381014010944E-002
  -1.2891922317850657       -8.0889690435941047E-002
  -1.2348971565350515       -9.8447079663052744E-002
  -1.1833401989958212      -0.11045571491392904     
  -1.1342773492554055      -0.11710967874232694     
  -1.0874918302460013      -0.11882230325525502     
  -1.0427903580444768      -0.11614323274606232     
 -0.99999999999999978      -0.10969364237192070     
 -0.95896552196289853      -0.10011883615439798     
 -0.91954713790703979       -8.8053986146072863E-002
 -0.88161859236318962       -7.4101551439070448E-002
 -0.84506551949185571       -5.8816616295738505E-002
 -0.80978403319500680       -4.2699172997647514E-002
 -0.77567951104961264       -2.6190509077349353E-002
 -0.74266554153381104       -9.6733505079513605E-003
 -0.71066300938115168        6.5262773688354375E-003
 -0.67959929822452603        2.2135348708887104E-002
 -0.64940759319750996        3.6929761503504306E-002
 -0.62002626901608426        5.0729476890245803E-002
 -0.59139835139947117        6.3393964545648565E-002
 -0.56347104160796824        7.4817393702119511E-002
 -0.53619529545903266        8.4924425764751968E-002
 -0.50952544949442868        9.3665986143409763E-002
 -0.48341888806170352       0.10101572574995010     
 -0.45783574598317162       0.10696653820608011     
 -0.43273864224742598       0.11152775251681279     
 -0.40809244079830753       0.11472238160972430     
 -0.38386403503541555       0.11658498849626951     
 -0.36002215309575658       0.11715957620297009     
 -0.33653718137202310       0.11649802456524221     
 -0.31338100405068520       0.11465850909092803     
 -0.29052685673191658       0.11170439786810754     
 -0.26794919243112253       0.10770308990389371     
 -0.24562355846482550       0.10272527086589996     
 -0.22352648289714913        9.6844074939984898E-002
 -0.20163536937154192        9.0134613417677936E-002
 -0.17992839927925944        8.2673380427982349E-002
 -0.15838444032453600        7.4537984357092787E-002
 -0.13698296063882870        6.5806733281429830E-002
 -0.11570394767506863        5.6558513441664439E-002
  -9.4527831179282110E-002   4.6872503315969420E-002
  -7.3435409592623749E-002   3.6828154965220614E-002
  -5.2407779283041217E-002   2.6504995973807805E-002
  -3.1426266043351130E-002   1.5982678256566980E-002
  -1.0472358322297141E-002   5.3408345687105344E-003
   1.0472358322297265E-002  -5.3408345687153379E-003
   3.1426266043351032E-002  -1.5982678256568950E-002
   5.2407779283041342E-002  -2.6504995973805665E-002
   7.3435409592623874E-002  -3.6828154965213487E-002
   9.4527831179282248E-002  -4.6872503315955313E-002
  0.11570394767506877       -5.6558513441643282E-002
  0.13698296063882881       -6.5806733281403476E-002
  0.15838444032453633       -7.4537984357061410E-002
  0.17992839927925955       -8.2673380427944698E-002
  0.20163536937154181       -9.0134613417634818E-002
  0.22352648289714927       -9.6844074939936020E-002
  0.24562355846482567      -0.10272527086584540     
  0.26794919243112292      -0.10770308990383447     
  0.29052685673191647      -0.11170439786804358     
  0.31338100405068536      -0.11465850909085874     
  0.33653718137202321      -0.11649802456516815     
  0.36002215309575669      -0.11715957620289194     
  0.38386403503541566      -0.11658498849618622     
  0.40809244079830770      -0.11472238160963734     
  0.43273864224742592      -0.11152775251672109     
  0.45783574598317212      -0.10696653820598306     
  0.48341888806170358      -0.10101572574984727     
  0.50952544949442891       -9.3665986143303889E-002
  0.53619529545903277       -8.4924425764645747E-002
  0.56347104160796835       -7.4817393702013235E-002
  0.59139835139947095       -6.3393964545545148E-002
  0.62002626901608437       -5.0729476890146299E-002
  0.64940759319751051       -3.6929761503412505E-002
  0.67959929822452658       -2.2135348708803401E-002
  0.71066300938115157       -6.5262773687619112E-003
  0.74266554153381070        9.6733505080117375E-003
  0.77567951104961330        2.6190509077395018E-002
  0.80978403319500714        4.2699172997675706E-002
  0.84506551949185604        5.8816616295746992E-002
  0.88161859236318929        7.4101551439057126E-002
  0.91954713790703990        8.8053986146038848E-002
  0.95896552196289875       0.10011883615434514     
   1.0000000000000002       0.10969364237184975     
   1.0427903580444771       0.11614323274597448     
   1.0874918302460024       0.11882230325515308     
   1.1342773492554055       0.11710967874221226     
   1.1833401989958212       0.11045571491380589     
   1.2348971565350515        9.8447079662926401E-002
   1.2891922317850668        8.0889690435816813E-002
   1.3465011422702096        5.7912381013896584E-002
   1.4071366974211936        3.0087494301440556E-002
   1.4714553158199692       -1.4368724307163099E-003
   1.5398649638145827       -3.4810964032784109E-002
   1.6128348909908186       -6.7390374887455834E-002
   1.6909076557850113       -9.5725757204843914E-002
   1.7747140955927678      -0.11570222952472599     
   1.8649921184853133      -0.12292444480222987     
   1.9626105055051506      -0.11344811232971674     
   2.0685993549187929       -8.4943214785459978E-002
   2.1841894364376611       -3.8266283150685976E-002
   2.3108636538824112        2.0803761229030757E-002
   2.4504251978885159        8.0339601061822669E-002
   2.6050890646938019       0.12277590059616605     
   2.7776068539149752       0.12882590377363246     
   2.9714398745574431        8.5968033400492957E-002
   3.1910038804976928       -4.3658301143099704E-006
   3.4420225766692183       -9.7519452684357896E-002
   3.7320508075688767      -0.15832156433238512     
   4.0712707129971992      -0.14974288720496251     
   4.4737428292115542       -8.8678965306118948E-002
   4.9594473584510741       -2.9598593626924807E-002
   5.5577663337511334       -4.3817199498231776E-003
   6.3137515146750438       -1.8331752917115360E-004
   7.3001780318985379       -1.1758066720807975E-006
   8.6427474610313109        2.7393634148032900E-008
   10.578894993405637        5.5560190747286857E-009
   13.617408897797487       -3.2079865712392572E-009
   19.081136687728215        6.7171776005573065E-010
   31.820515953773956       -5.2548249443575293E-011
   95.489475171113384        2.1384677218722334E-013
 
 
