  -95.489475171114151        4.1097298517789852E-047
  -31.820515953774020        4.0156202485149565E-034
  -19.081136687728222        5.4399518385779660E-033
  -13.617408897797404        5.7989534144757591E-033
  -10.578894993405632        1.7299485761986210E-032
  -8.6427474610313055        1.8678928180647794E-031
  -7.3001780318985325        8.0421258933747512E-030
  -6.3137515146750385        9.0498507805139317E-029
  -5.5577663337511289        1.0575079088703166E-027
  -4.9594473584510688        8.1505627076564380E-027
  -4.4737428292115498        3.4667796261907004E-026
  -4.0712707129971948        4.6120000876898914E-023
  -3.7320508075688799        1.4900638603951160E-018
  -3.4420225766692205        2.9882857366677074E-015
  -3.1910038804976888        8.4885076126056174E-013
  -2.9714398745574400        6.1679094600399594E-011
  -2.7776068539149756        1.6909783684807712E-009
  -2.6050890646938019        2.2752316561380167E-008
  -2.4504251978885159        1.8027222910348252E-007
  -2.3108636538824077        9.5686697315901206E-007
  -2.1841894364376602        3.7341023428144338E-006
  -2.0685993549187920        1.1469969900737571E-005
  -1.9626105055051501        2.9177504186910248E-005
  -1.8649921184853129        6.3871828008265805E-005
  -1.7747140955927685        1.2390555745491285E-004
  -1.6909076557850105        2.1789736173537971E-004
  -1.6128348909908177        3.5359117203175017E-004
  -1.5398649638145820        5.3693904287263519E-004
  -1.4714553158199697        7.7156239748526253E-004
  -1.4071366974211938        1.0586066480022908E-003
  -1.3465011422702085        1.3969126666231806E-003
  -1.2891922317850657        1.7833923929148556E-003
  -1.2348971565350515        2.2134997631899434E-003
  -1.1833401989958212        2.6817124492387366E-003
  -1.1342773492554055        3.1819694386794385E-003
  -1.0874918302460013        3.7080356577790991E-003
  -1.0427903580444768        4.2537842659333327E-003
 -0.99999999999999978        4.8133997361480899E-003
 -0.95896552196289853        5.3815116398513172E-003
 -0.91954713790703979        5.9532718153398299E-003
 -0.88161859236318962        6.5243878094463723E-003
 -0.84506551949185571        7.0911242795643004E-003
 -0.80978403319500680        7.6502822133464017E-003
 -0.77567951104961264        8.1991638483699877E-003
 -0.74266554153381104        8.7355293264708839E-003
 -0.71066300938115168        9.2575495207129054E-003
 -0.67959929822452603        9.7637581685054986E-003
 -0.64940759319750996        1.0253005419680040E-002
 -0.62002626901608426        1.0724414132363592E-002
 -0.59139835139947117        1.1177339678181537E-002
 -0.56347104160796824        1.1611333612224819E-002
 -0.53619529545903266        1.2026111282935133E-002
 -0.50952544949442868        1.2421523273053592E-002
 -0.48341888806170352        1.2797530447820131E-002
 -0.45783574598317162        1.3154182322525906E-002
 -0.43273864224742598        1.3491598431550270E-002
 -0.40809244079830753        1.3809952375324465E-002
 -0.38386403503541555        1.4109458230594703E-002
 -0.36002215309575658        1.4390359028247432E-002
 -0.33653718137202310        1.4652917026441396E-002
 -0.31338100405068520        1.4897405533117965E-002
 -0.29052685673191658        1.5124102058190996E-002
 -0.26794919243112253        1.5333282601599723E-002
 -0.24562355846482550        1.5525216907323615E-002
 -0.22352648289714913        1.5700164535848944E-002
 -0.20163536937154192        1.5858371627500496E-002
 -0.17992839927925944        1.6000068247240349E-002
 -0.15838444032453600        1.6125466217382388E-002
 -0.13698296063882870        1.6234757358965957E-002
 -0.11570394767506863        1.6328112074865328E-002
  -9.4527831179282110E-002   1.6405678218794427E-002
  -7.3435409592623749E-002   1.6467580203946196E-002
  -5.2407779283041217E-002   1.6513918313644006E-002
  -3.1426266043351130E-002   1.6544768183954853E-002
  -1.0472358322297141E-002   1.6560180435151794E-002
   1.0472358322297265E-002   1.6560180435152914E-002
   3.1426266043351032E-002   1.6544768183958461E-002
   5.2407779283041342E-002   1.6513918313649761E-002
   7.3435409592623874E-002   1.6467580203954359E-002
   9.4527831179282248E-002   1.6405678218804540E-002
  0.11570394767506877        1.6328112074877103E-002
  0.13698296063882881        1.6234757358979120E-002
  0.15838444032453633        1.6125466217396880E-002
  0.17992839927925955        1.6000068247255684E-002
  0.20163536937154181        1.5858371627516552E-002
  0.22352648289714927        1.5700164535864803E-002
  0.24562355846482567        1.5525216907339814E-002
  0.26794919243112292        1.5333282601615976E-002
  0.29052685673191647        1.5124102058207800E-002
  0.31338100405068536        1.4897405533135091E-002
  0.33653718137202321        1.4652917026459236E-002
  0.36002215309575669        1.4390359028265994E-002
  0.38386403503541566        1.4109458230613985E-002
  0.40809244079830770        1.3809952375344199E-002
  0.43273864224742592        1.3491598431570570E-002
  0.45783574598317212        1.3154182322546858E-002
  0.48341888806170358        1.2797530447841857E-002
  0.50952544949442891        1.2421523273076187E-002
  0.53619529545903277        1.2026111282958539E-002
  0.56347104160796835        1.1611333612248594E-002
  0.59139835139947095        1.1177339678205793E-002
  0.62002626901608437        1.0724414132388069E-002
  0.64940759319751051        1.0253005419704874E-002
  0.67959929822452658        9.7637581685303468E-003
  0.71066300938115157        9.2575495207375489E-003
  0.74266554153381070        8.7355293264946079E-003
  0.77567951104961330        8.1991638483927161E-003
  0.80978403319500714        7.6502822133674596E-003
  0.84506551949185604        7.0911242795836859E-003
  0.88161859236318929        6.5243878094640231E-003
  0.91954713790703990        5.9532718153560930E-003
  0.95896552196289875        5.3815116398660510E-003
   1.0000000000000002        4.8133997361617291E-003
   1.0427903580444771        4.2537842659456761E-003
   1.0874918302460024        3.7080356577904624E-003
   1.1342773492554055        3.1819694386894855E-003
   1.1833401989958212        2.6817124492475000E-003
   1.2348971565350515        2.2134997631974456E-003
   1.2891922317850668        1.7833923929211329E-003
   1.3465011422702096        1.3969126666283018E-003
   1.4071366974211936        1.0586066480063375E-003
   1.4714553158199692        7.7156239748798073E-004
   1.5398649638145827        5.3693904287429684E-004
   1.6128348909908186        3.5359117203255720E-004
   1.6909076557850113        2.1789736173563449E-004
   1.7747140955927678        1.2390555745491345E-004
   1.8649921184853133        6.3871828008313551E-005
   1.9626105055051506        2.9177504186986268E-005
   2.0685993549187929        1.1469969900767871E-005
   2.1841894364376611        3.7341023427820204E-006
   2.3108636538824112        9.5686697314692194E-007
   2.4504251978885159        1.8027222910720102E-007
   2.6050890646938019        2.2752316565797937E-008
   2.7776068539149752        1.6909783695165049E-009
   2.9714398745574431        6.1679094786838853E-011
   3.1910038804976928        8.4885077206420990E-013
   3.4420225766692183        2.9882859063123839E-015
   3.7320508075688767        1.4900622712683826E-018
   4.0712707129971992        4.6119509688545241E-023
   4.4737428292115542        3.8047139115473538E-026
   4.9594473584510741        8.0937423112083335E-027
   5.5577663337511334        1.0745778757403429E-027
   6.3137515146750438        1.0056220373957745E-028
   7.3001780318985379        6.5990203332726793E-030
   8.6427474610313109        3.0930887420594137E-031
   10.578894993405637        9.2405521057157026E-033
   13.617408897797487        5.1220046064428185E-035
   19.081136687728215        9.1623433826716773E-034
   31.820515953773956        2.4703356811029063E-032
   95.489475171113384        2.7873316790635434E-037
 
 
  -95.489475171114151        2.5852580314874039E-045
  -31.820515953774020        1.3014516265111004E-032
  -19.081136687728222        3.5418067239582885E-032
  -13.617408897797404        1.1584815605395207E-034
  -10.578894993405632        3.0252073031220670E-033
  -8.6427474610313055        4.4294479125706665E-030
  -7.3001780318985325        1.4903160076539606E-028
  -6.3137515146750385        2.0664178107586731E-027
  -5.5577663337511289        2.1169620808054044E-026
  -4.9594473584510688        1.5099413367483494E-025
  -4.4737428292115498        6.2788032668741406E-025
  -4.0712707129971948        8.7580702465169203E-022
  -3.7320508075688799        2.6980207275179775E-017
  -3.4420225766692205        5.0962995877917358E-014
  -3.1910038804976888        1.3633387805397744E-011
  -2.9714398745574400        9.3268841878208429E-010
  -2.7776068539149756        2.4068661616754613E-008
  -2.6050890646938019        3.0474996435215771E-007
  -2.4504251978885159        2.2716396543647862E-006
  -2.3108636538824077        1.1340757874134275E-005
  -2.1841894364376602        4.1614253171178708E-005
  -2.0685993549187920        1.2016174392159356E-004
  -1.9626105055051501        2.8726251976819825E-004
  -1.8649921184853129        5.9080048281005772E-004
  -1.7747140955927685        1.0764414904352732E-003
  -1.6909076557850105        1.7773770477492190E-003
  -1.6128348909908177        2.7071209762314780E-003
  -1.5398649638145820        3.8570031268125742E-003
  -1.4714553158199697        5.1980776177137610E-003
  -1.4071366974211938        6.6860125942735391E-003
  -1.3465011422702085        8.2672564173730777E-003
  -1.2891922317850657        9.8850791470801863E-003
  -1.2348971565350515        1.1484611079435592E-002
  -1.1833401989958212        1.3016497464670986E-002
  -1.1342773492554055        1.4439150590630376E-002
  -1.0874918302460013        1.5719790883282840E-002
  -1.0427903580444768        1.6834556995193276E-002
 -0.99999999999999978        1.7767972586626494E-002
 -0.95896552196289853        1.8512021489627575E-002
 -0.91954713790703979        1.9065029454568266E-002
 -0.88161859236318962        1.9430495780690799E-002
 -0.84506551949185571        1.9615969997744336E-002
 -0.80978403319500680        1.9632030500781921E-002
 -0.77567951104961264        1.9491393761599880E-002
 -0.74266554153381104        1.9208163198329766E-002
 -0.71066300938115168        1.8797214185852999E-002
 -0.67959929822452603        1.8273704293452049E-002
 -0.64940759319750996        1.7652694097680173E-002
 -0.62002626901608426        1.6948862643659260E-002
 -0.59139835139947117        1.6176301889448019E-002
 -0.56347104160796824        1.5348375631380475E-002
 -0.53619529545903266        1.4477630013161095E-002
 -0.50952544949442868        1.3575744491159166E-002
 -0.48341888806170352        1.2653513870189622E-002
 -0.45783574598317162        1.1720853647445939E-002
 -0.43273864224742598        1.0786822345001296E-002
 -0.40809244079830753        9.8596557655839401E-003
 -0.38386403503541555        8.9468091647200154E-003
 -0.36002215309575658        8.0550042169638160E-003
 -0.33653718137202310        7.1902783756413683E-003
 -0.31338100405068520        6.3580348127161932E-003
 -0.29052685673191658        5.5630915917848954E-003
 -0.26794919243112253        4.8097290983893596E-003
 -0.24562355846482550        4.1017350390829405E-003
 -0.22352648289714913        3.4424465442684784E-003
 -0.20163536937154192        2.8347890774878264E-003
 -0.17992839927925944        2.2813119806843270E-003
 -0.15838444032453600        1.7842205756705739E-003
 -0.13698296063882870        1.3454048074800920E-003
 -0.11570394767506863        9.6646445796966652E-004
  -9.4527831179282110E-002   6.4873098560591245E-004
  -7.3435409592623749E-002   3.9328606096207102E-004
  -5.2407779283041217E-002   2.0097687232353527E-004
  -3.1426266043351130E-002   7.2428272384141275E-005
  -1.0472358322297141E-002   8.0518288286761759E-006
   1.0472358322297265E-002   8.0518288286181626E-006
   3.1426266043351032E-002   7.2428272383936687E-005
   5.2407779283041342E-002   2.0097687232314257E-004
   7.3435409592623874E-002   3.9328606096146029E-004
   9.4527831179282248E-002   6.4873098560496746E-004
  0.11570394767506877        9.6646445796843758E-004
  0.13698296063882881        1.3454048074786691E-003
  0.15838444032453633        1.7842205756690849E-003
  0.17992839927925955        2.2813119806827905E-003
  0.20163536937154181        2.8347890774863835E-003
  0.22352648289714927        3.4424465442671019E-003
  0.24562355846482567        4.1017350390818311E-003
  0.26794919243112292        4.8097290983884142E-003
  0.29052685673191647        5.5630915917843594E-003
  0.31338100405068536        6.3580348127158194E-003
  0.33653718137202321        7.1902783756415418E-003
  0.36002215309575669        8.0550042169644509E-003
  0.38386403503541566        8.9468091647214674E-003
  0.40809244079830770        9.8596557655859663E-003
  0.43273864224742592        1.0786822345004068E-002
  0.45783574598317212        1.1720853647448837E-002
  0.48341888806170358        1.2653513870193202E-002
  0.50952544949442891        1.3575744491163234E-002
  0.53619529545903277        1.4477630013166022E-002
  0.56347104160796835        1.5348375631385426E-002
  0.59139835139947095        1.6176301889453116E-002
  0.62002626901608437        1.6948862643663704E-002
  0.64940759319751051        1.7652694097685315E-002
  0.67959929822452658        1.8273704293456934E-002
  0.71066300938115157        1.8797214185858290E-002
  0.74266554153381070        1.9208163198333690E-002
  0.77567951104961330        1.9491393761603068E-002
  0.80978403319500714        1.9632030500782705E-002
  0.84506551949185604        1.9615969997744599E-002
  0.88161859236318929        1.9430495780689366E-002
  0.91954713790703990        1.9065029454566739E-002
  0.95896552196289875        1.8512021489624005E-002
   1.0000000000000002        1.7767972586623340E-002
   1.0427903580444771        1.6834556995188502E-002
   1.0874918302460024        1.5719790883278274E-002
   1.1342773492554055        1.4439150590623534E-002
   1.1833401989958212        1.3016497464664054E-002
   1.2348971565350515        1.1484611079426657E-002
   1.2891922317850668        9.8850791470711102E-003
   1.3465011422702096        8.2672564173621246E-003
   1.4071366974211936        6.6860125942642366E-003
   1.4714553158199692        5.1980776177045478E-003
   1.5398649638145827        3.8570031268058557E-003
   1.6128348909908186        2.7071209762253396E-003
   1.6909076557850113        1.7773770477455852E-003
   1.7747140955927678        1.0764414904322348E-003
   1.8649921184853133        5.9080048280922960E-004
   1.9626105055051506        2.8726251976770288E-004
   2.0685993549187929        1.2016174392170134E-004
   2.1841894364376611        4.1614253170959530E-005
   2.3108636538824112        1.1340757874177825E-005
   2.4504251978885159        2.2716396543158934E-006
   2.6050890646938019        3.0474996438083337E-007
   2.7776068539149752        2.4068661613412972E-008
   2.9714398745574431        9.3268842023917804E-010
   3.1910038804976928        1.3633387722999025E-011
   3.4420225766692183        5.0963005830179313E-014
   3.7320508075688767        2.6980024997459238E-017
   4.0712707129971992        8.7649515255664702E-022
   4.4737428292115542        6.5512496716136089E-025
   4.9594473584510741        1.5481408207861900E-025
   5.5577663337511334        2.2243456515882960E-026
   6.3137515146750438        2.2617020398032010E-027
   7.3001780318985379        1.6878275567064920E-028
   8.6427474610313109        8.6159899499035089E-030
   10.578894993405637        2.8943458039054337E-031
   13.617408897797487        5.5582471352826927E-033
   19.081136687728215        3.5088858383016625E-035
   31.820515953773956        1.8838391986456022E-034
   95.489475171113384        3.0637626550622432E-039
 
 
  -95.489475171114151        8.1610087514815677E-044
  -31.820515953774020        1.2015675153491526E-032
  -19.081136687728222        3.3960435508232730E-034
  -13.617408897797404        1.2868506382219178E-031
  -10.578894993405632        3.1680606788068523E-030
  -8.6427474610313055        1.3340247208783548E-028
  -7.3001780318985325        2.4143430950009116E-027
  -6.3137515146750385        3.0064027207869241E-026
  -5.5577663337511289        2.6745764057725446E-025
  -4.9594473584510688        1.6700888445777549E-024
  -4.4737428292115498        6.1259815962093696E-024
  -4.0712707129971948        9.9151398669299267E-021
  -3.7320508075688799        2.8644191160913314E-016
  -3.4420225766692205        4.9914613508777648E-013
  -3.1910038804976888        1.2313504783421487E-010
  -2.9714398745574400        7.7631333621585360E-009
  -2.7776068539149756        1.8448773803990918E-007
  -2.6050890646938019        2.1494843592657892E-006
  -2.4504251978885159        1.4730868192483910E-005
  -2.3108636538824077        6.7547699421907227E-005
  -2.1841894364376602        2.2741747492114985E-004
  -2.0685993549187920        6.0178416945103064E-004
  -1.9626105055051501        1.3166323262758131E-003
  -1.8649921184853129        2.4744919043896817E-003
  -1.7747140955927685        4.1130597088836806E-003
  -1.6909076557850105        6.1839179626017298E-003
  -1.6128348909908177        8.5581460025143264E-003
  -1.5398649638145820        1.1052792787860257E-002
  -1.4714553158199697        1.3466166680964290E-002
  -1.4071366974211938        1.5610756721635860E-002
  -1.3465011422702085        1.7336981195545571E-002
  -1.2891922317850657        1.8545647675604921E-002
  -1.2348971565350515        1.9190313887900420E-002
  -1.1833401989958212        1.9272337043371945E-002
  -1.1342773492554055        1.8831681698670118E-002
  -1.0874918302460013        1.7936089468082200E-002
  -1.0427903580444768        1.6670465023472136E-002
 -0.99999999999999978        1.5127591966270134E-002
 -0.95896552196289853        1.3400696180346196E-002
 -0.91954713790703979        1.1577958772517390E-002
 -0.88161859236318962        9.7388282711697357E-003
 -0.84506551949185571        7.9518544633942253E-003
 -0.80978403319500680        6.2737243931994284E-003
 -0.77567951104961264        4.7491911936564154E-003
 -0.74266554153381104        3.4116239883727807E-003
 -0.71066300938115168        2.2839555556838417E-003
 -0.67959929822452603        1.3798537980787020E-003
 -0.64940759319750996        7.0498785852831508E-004
 -0.62002626901608426        2.5829760485659834E-004
 -0.59139835139947117        3.3205605110590403E-005
 -0.56347104160796824        1.8734117329562482E-005
 -0.53619529545903266        2.0050694967822086E-004
 -0.50952544949442868        5.6162840472998759E-004
 -0.48341888806170352        1.0834399576914195E-003
 -0.45783574598317162        1.7461607680064565E-003
 -0.43273864224742598        2.5294213679733640E-003
 -0.40809244079830753        3.4127015354135848E-003
 -0.38386403503541555        4.3756839281646953E-003
 -0.36002215309575658        5.3985349004382743E-003
 -0.33653718137202310        6.4621233085941157E-003
 -0.31338100405068520        7.5481872370329797E-003
 -0.29052685673191658        8.6394575734355505E-003
 -0.26794919243112253        9.7197463240860493E-003
 -0.24562355846482550        1.0774006548394945E-002
 -0.22352648289714913        1.1788369839010439E-002
 -0.20163536937154192        1.2750166404326959E-002
 -0.17992839927925944        1.3647932028347210E-002
 -0.15838444032453600        1.4471405493935481E-002
 -0.13698296063882870        1.5211519452139464E-002
 -0.11570394767506863        1.5860387199508063E-002
  -9.4527831179282110E-002   1.6411287375767747E-002
  -7.3435409592623749E-002   1.6858648210037429E-002
  -5.2407779283041217E-002   1.7198032613181830E-002
  -3.1426266043351130E-002   1.7426125130515571E-002
  -1.0472358322297141E-002   1.7540721522226618E-002
   1.0472358322297265E-002   1.7540721522227506E-002
   3.1426266043351032E-002   1.7426125130517160E-002
   5.2407779283041342E-002   1.7198032613185185E-002
   7.3435409592623874E-002   1.6858648210041443E-002
   9.4527831179282248E-002   1.6411287375773350E-002
  0.11570394767506877        1.5860387199514103E-002
  0.13698296063882881        1.5211519452146783E-002
  0.15838444032453633        1.4471405493942784E-002
  0.17992839927925955        1.3647932028355148E-002
  0.20163536937154181        1.2750166404334072E-002
  0.22352648289714927        1.1788369839017161E-002
  0.24562355846482567        1.0774006548400451E-002
  0.26794919243112292        9.7197463240912014E-003
  0.29052685673191647        8.6394575734397173E-003
  0.31338100405068536        7.5481872370370458E-003
  0.33653718137202321        6.4621233085972859E-003
  0.36002215309575669        5.3985349004415312E-003
  0.38386403503541566        4.3756839281672583E-003
  0.40809244079830770        3.4127015354161352E-003
  0.43273864224742592        2.5294213679751361E-003
  0.45783574598317212        1.7461607680079822E-003
  0.48341888806170358        1.0834399576922105E-003
  0.50952544949442891        5.6162840473057457E-004
  0.53619529545903277        2.0050694967839076E-004
  0.56347104160796835        1.8734117329604363E-005
  0.59139835139947095        3.3205605110627964E-005
  0.62002626901608437        2.5829760485673756E-004
  0.64940759319751051        7.0498785852898436E-004
  0.67959929822452658        1.3798537980797825E-003
  0.71066300938115157        2.2839555556861029E-003
  0.74266554153381070        3.4116239883757856E-003
  0.77567951104961330        4.7491911936614443E-003
  0.80978403319500714        6.2737243932057046E-003
  0.84506551949185604        7.9518544634034818E-003
  0.88161859236318929        9.7388282711805829E-003
  0.91954713790703990        1.1577958772531894E-002
  0.95896552196289875        1.3400696180361809E-002
   1.0000000000000002        1.5127591966289201E-002
   1.0427903580444771        1.6670465023491173E-002
   1.0874918302460024        1.7936089468104183E-002
   1.1342773492554055        1.8831681698691288E-002
   1.1833401989958212        1.9272337043395489E-002
   1.2348971565350515        1.9190313887921723E-002
   1.2891922317850668        1.8545647675628264E-002
   1.3465011422702096        1.7336981195565111E-002
   1.4071366974211936        1.5610756721657170E-002
   1.4714553158199692        1.3466166680983098E-002
   1.5398649638145827        1.1052792787881138E-002
   1.6128348909908186        8.5581460025309537E-003
   1.6909076557850113        6.1839179626179729E-003
   1.7747140955927678        4.1130597088935884E-003
   1.8649921184853133        2.4744919043978948E-003
   1.9626105055051506        1.3166323262794109E-003
   2.0685993549187929        6.0178416945375925E-004
   2.1841894364376611        2.2741747492164302E-004
   2.3108636538824112        6.7547699422467313E-005
   2.4504251978885159        1.4730868192348716E-005
   2.6050890646938019        2.1494843593264135E-006
   2.7776068539149752        1.8448773801366498E-007
   2.9714398745574431        7.7631333662154102E-009
   3.1910038804976928        1.2313504728040739E-010
   3.4420225766692183        4.9914617518348159E-013
   3.7320508075688767        2.8644121555752262E-016
   4.0712707129971992        9.9182594980459155E-021
   4.4737428292115542        6.1857366088133824E-024
   4.9594473584510741        1.6860997355374339E-024
   5.5577663337511334        2.7172598134735472E-025
   6.3137515146750438        3.0740415719482070E-026
   7.3001780318985379        2.5412492285599735E-027
   8.6427474610313109        1.4891523854136991E-028
   10.578894993405637        5.9003819310401632E-030
   13.617408897797487        1.0948194964139204E-031
   19.081136687728215        3.1690325862191088E-035
   31.820515953773956        6.7728859287754395E-033
   95.489475171113384        6.8521800748098339E-038
 
 
  -95.489475171114151        1.4145630196476095E-042
  -31.820515953774020        1.1017525235741707E-033
  -19.081136687728222        1.0426951794524970E-031
  -13.617408897797404        1.9075328036211071E-030
  -10.578894993405632        7.0401924437842752E-029
  -8.6427474610313055        1.9131083321023538E-027
  -7.3001780318985325        2.8969940352939706E-026
  -6.3137515146750385        3.2018604338206040E-025
  -5.5577663337511289        2.5482637502967830E-024
  -4.9594473584510688        1.3933509092091277E-023
  -4.4737428292115498        4.1957172593917917E-023
  -4.0712707129971948        9.6362647159855237E-020
  -3.7320508075688799        2.5951536718570631E-015
  -3.4420225766692205        4.1187788142593236E-012
  -3.1910038804976888        9.2468402974073452E-010
  -2.9714398745574400        5.2990090158232209E-008
  -2.7776068539149756        1.1430592684653408E-006
  -2.6050890646938019        1.2069253325695484E-005
  -2.4504251978885159        7.4818303838455359E-005
  -2.3108636538824077        3.0965583094955872E-004
  -2.1841894364376602        9.3860039479524678E-004
  -2.0685993549187920        2.2294555394797152E-003
  -1.9626105055051501        4.3632945105840561E-003
  -1.8649921184853129        7.3055264077924722E-003
  -1.7747140955927685        1.0765765489704090E-002
  -1.6909076557850105        1.4267853808568317E-002
  -1.6128348909908177        1.7286022783069191E-002
  -1.5398649638145820        1.9381554305964166E-002
  -1.4714553158199697        2.0292738314035771E-002
  -1.4071366974211938        1.9963167262564613E-002
  -1.3465011422702085        1.8518577759481406E-002
  -1.2891922317850657        1.6213591307380756E-002
  -1.2348971565350515        1.3369452513496569E-002
  -1.1833401989958212        1.0317830265404788E-002
  -1.1342773492554055        7.3585696303858604E-003
  -1.0874918302460013        4.7334764776142263E-003
  -1.0427903580444768        2.6145549715104041E-003
 -0.99999999999999978        1.1033875139321268E-003
 -0.95896552196289853        2.3797185280360940E-004
 -0.91954713790703979        3.7287215461358721E-006
 -0.88161859236318962        3.4612304533643599E-004
 -0.84506551949185571        1.1831227442617158E-003
 -0.80978403319500680        2.4164048791218366E-003
 -0.77567951104961264        3.9407527890547665E-003
 -0.74266554153381104        5.6514659030667156E-003
 -0.71066300938115168        7.4498475086953765E-003
 -0.67959929822452603        9.2469750540153297E-003
 -0.64940759319750996        1.0966022272034893E-002
 -0.62002626901608426        1.2543417686275210E-002
 -0.59139835139947117        1.3929109310604985E-002
 -0.56347104160796824        1.5086174513323010E-002
 -0.53619529545903266        1.5989976500161537E-002
 -0.50952544949442868        1.6627030579846984E-002
 -0.48341888806170352        1.6993707750547142E-002
 -0.45783574598317162        1.7094871873458782E-002
 -0.43273864224742598        1.6942520413473199E-002
 -0.40809244079830753        1.6554477351282300E-002
 -0.38386403503541555        1.5953170007344111E-002
 -0.36002215309575658        1.5164508559604044E-002
 -0.33653718137202310        1.4216877366391670E-002
 -0.31338100405068520        1.3140240196998805E-002
 -0.29052685673191658        1.1965356590074330E-002
 -0.26794919243112253        1.0723103317337484E-002
 -0.24562355846482550        9.4438929451030502E-003
 -0.22352648289714913        8.1571804270857140E-003
 -0.20163536937154192        6.8910482846459816E-003
 -0.17992839927925944        5.6718610275537417E-003
 -0.15838444032453600        4.5239798963433607E-003
 -0.13698296063882870        3.4695296455383305E-003
 -0.11570394767506863        2.5282098589983143E-003
  -9.4527831179282110E-002   1.7171441293334839E-003
  -7.3435409592623749E-002   1.0507613072099160E-003
  -5.2407779283041217E-002   5.4070390248167730E-004
  -3.1426266043351130E-002   1.9575958542768758E-004
  -1.0472358322297141E-002   2.1812581949695854E-005
   1.0472358322297265E-002   2.1812581949031252E-005
   3.1426266043351032E-002   1.9575958542558607E-004
   5.2407779283041342E-002   5.4070390247799567E-004
   7.3435409592623874E-002   1.0507613072044827E-003
   9.4527831179282248E-002   1.7171441293257791E-003
  0.11570394767506877        2.5282098589880144E-003
  0.13698296063882881        3.4695296455254992E-003
  0.15838444032453633        4.5239798963281827E-003
  0.17992839927925955        5.6718610275360137E-003
  0.20163536937154181        6.8910482846257148E-003
  0.22352648289714927        8.1571804270628521E-003
  0.24562355846482567        9.4438929450779332E-003
  0.26794919243112292        1.0723103317310039E-002
  0.29052685673191647        1.1965356590045221E-002
  0.31338100405068536        1.3140240196968576E-002
  0.33653718137202321        1.4216877366360743E-002
  0.36002215309575669        1.5164508559573044E-002
  0.38386403503541566        1.5953170007313788E-002
  0.40809244079830770        1.6554477351253212E-002
  0.43273864224742592        1.6942520413445791E-002
  0.45783574598317212        1.7094871873432727E-002
  0.48341888806170358        1.6993707750522936E-002
  0.50952544949442891        1.6627030579825352E-002
  0.53619529545903277        1.5989976500142788E-002
  0.56347104160796835        1.5086174513307427E-002
  0.59139835139947095        1.3929109310592909E-002
  0.62002626901608437        1.2543417686266736E-002
  0.64940759319751051        1.0966022272030513E-002
  0.67959929822452658        9.2469750540145612E-003
  0.71066300938115157        7.4498475086975874E-003
  0.74266554153381070        5.6514659030710577E-003
  0.77567951104961330        3.9407527890603505E-003
  0.80978403319500714        2.4164048791277372E-003
  0.84506551949185604        1.1831227442670829E-003
  0.88161859236318929        3.4612304534005565E-004
  0.91954713790703990        3.7287215465852485E-006
  0.95896552196289875        2.3797185279956441E-004
   1.0000000000000002        1.1033875139224614E-003
   1.0427903580444771        2.6145549714943006E-003
   1.0874918302460024        4.7334764775916454E-003
   1.1342773492554055        7.3585696303577414E-003
   1.1833401989958212        1.0317830265372160E-002
   1.2348971565350515        1.3369452513461491E-002
   1.2891922317850668        1.6213591307346363E-002
   1.3465011422702096        1.8518577759450455E-002
   1.4071366974211936        1.9963167262538120E-002
   1.4714553158199692        2.0292738314016807E-002
   1.5398649638145827        1.9381554305953560E-002
   1.6128348909908186        1.7286022783066034E-002
   1.6909076557850113        1.4267853808569788E-002
   1.7747140955927678        1.0765765489707580E-002
   1.8649921184853133        7.3055264077950387E-003
   1.9626105055051506        4.3632945105857536E-003
   2.0685993549187929        2.2294555394803714E-003
   2.1841894364376611        9.3860039479592018E-004
   2.3108636538824112        3.0965583094994957E-004
   2.4504251978885159        7.4818303838716598E-005
   2.6050890646938019        1.2069253325698007E-005
   2.7776068539149752        1.1430592684615838E-006
   2.9714398745574431        5.2990090157801532E-008
   3.1910038804976928        9.2468402963357245E-010
   3.4420225766692183        4.1187788082354421E-012
   3.7320508075688767        2.5951539400039361E-015
   4.0712707129971992        9.6362127812111448E-020
   4.4737428292115542        4.1936794333336218E-023
   4.9594473584510741        1.3924539870038886E-023
   5.5577663337511334        2.5468614806345487E-024
   6.3137515146750438        3.1953908513984189E-025
   7.3001780318985379        2.9017697012408715E-026
   8.6427474610313109        1.8674372908877650E-027
   10.578894993405637        7.5818082252103209E-029
   13.617408897797487        1.7426612938302030E-030
   19.081136687728215        5.5817857254672537E-033
   31.820515953773956        8.9133320452106017E-033
   95.489475171113384        6.0097761547673219E-040
 
 
  -95.489475171114151        1.6762818086901843E-041
  -31.820515953774020        8.8984269013675710E-033
  -19.081136687728222        2.5737069475339506E-031
  -13.617408897797404        1.8292266609939134E-029
  -10.578894993405632        7.6379126485149434E-028
  -8.6427474610313055        1.7739310663186140E-026
  -7.3001780318985325        2.5082728709442987E-025
  -6.3137515146750385        2.5158530396129234E-024
  -5.5577663337511289        1.7896926030968156E-023
  -4.9594473584510688        8.3485972181821896E-023
  -4.4737428292115498        1.8323722615324561E-022
  -4.0712707129971948        7.9889601927080068E-019
  -3.7320508075688799        1.9950425928733711E-014
  -3.4420225766692205        2.8526205194583196E-011
  -3.1910038804976888        5.7620374277754347E-009
  -2.9714398745574400        2.9650401488461060E-007
  -2.7776068539149756        5.7298208012985369E-006
  -2.6050890646938019        5.4046406671307371E-005
  -2.4504251978885159        2.9828753033979259E-004
  -2.3108636538824077        1.0946196757251224E-003
  -2.1841894364376602        2.9271730010939903E-003
  -2.0685993549187920        6.0965348579149516E-003
  -1.9626105055051501        1.0382695086074391E-002
  -1.8649921184853129        1.4983446263935688E-002
  -1.7747140955927685        1.8801229803493962E-002
  -1.6909076557850105        2.0884125268656777E-002
  -1.6128348909908177        2.0764651544904852E-002
  -1.5398649638145820        1.8561412919674884E-002
  -1.4714553158199697        1.4862749166054233E-002
  -1.4071366974211938        1.0496404312909732E-002
  -1.3465011422702085        6.2936845355083277E-003
  -1.2891922317850657        2.9169416327623553E-003
  -1.2348971565350515        7.7310069180844764E-004
  -1.1833401989958212        3.4472367320754978E-006
  -1.1342773492554055        5.2499213219836408E-004
  -1.0874918302460013        2.0971203669978341E-003
  -1.0427903580444768        4.3926849201957633E-003
 -0.99999999999999978        7.0603008398093274E-003
 -0.95896552196289853        9.7714709808682260E-003
 -0.91954713790703979        1.2251182208423422E-002
 -0.88161859236318962        1.4293642718940720E-002
 -0.84506551949185571        1.5766265844676757E-002
 -0.80978403319500680        1.6605349905471987E-002
 -0.77567951104961264        1.6806612288625247E-002
 -0.74266554153381104        1.6413147812636728E-002
 -0.71066300938115168        1.5502716724113628E-002
 -0.67959929822452603        1.4175650887671238E-002
 -0.64940759319750996        1.2544155294334270E-002
 -0.62002626901608426        1.0723391500308536E-002
 -0.59139835139947117        8.8244524226904590E-003
 -0.56347104160796824        6.9491559462476734E-003
 -0.53619529545903266        5.1864769292885738E-003
 -0.50952544949442868        3.6103835393223455E-003
 -0.48341888806170352        2.2788274954311373E-003
 -0.45783574598317162        1.2336454385513970E-003
 -0.43273864224742598        5.0115033977850439E-004
 -0.40809244079830753        9.3220554733751981E-005
 -0.38386403503541555        8.7250802562985690E-006
 -0.36002215309575658        2.3515376886980538E-004
 -0.33653718137202310        7.5034895168314783E-004
 -0.31338100405068520        1.5242592397467199E-003
 -0.29052685673191658        2.5206569183620514E-003
 -0.26794919243112253        3.6987773832009257E-003
 -0.24562355846482550        5.0148527672591540E-003
 -0.22352648289714913        6.4235226493193761E-003
 -0.20163536937154192        7.8791129376555042E-003
 -0.17992839927925944        9.3367800913766279E-003
 -0.15838444032453600        1.0753522161581069E-002
 -0.13698296063882870        1.2089061035680710E-002
 -0.11570394767506863        1.3306602047837799E-002
  -9.4527831179282110E-002   1.4373478013404016E-002
  -7.3435409592623749E-002   1.5261684963297863E-002
  -5.2407779283041217E-002   1.5948316551989538E-002
  -3.1426266043351130E-002   1.6415903426435331E-002
  -1.0472358322297141E-002   1.6652662870988696E-002
   1.0472358322297265E-002   1.6652662870989206E-002
   3.1426266043351032E-002   1.6415903426435969E-002
   5.2407779283041342E-002   1.5948316551991172E-002
   7.3435409592623874E-002   1.5261684963299587E-002
   9.4527831179282248E-002   1.4373478013407092E-002
  0.11570394767506877        1.3306602047841449E-002
  0.13698296063882881        1.2089061035685647E-002
  0.15838444032453633        1.0753522161586400E-002
  0.17992839927925955        9.3367800913832198E-003
  0.20163536937154181        7.8791129376623512E-003
  0.22352648289714927        6.4235226493267964E-003
  0.24562355846482567        5.0148527672660564E-003
  0.26794919243112292        3.6987773832075064E-003
  0.29052685673191647        2.5206569183676289E-003
  0.31338100405068536        1.5242592397513356E-003
  0.33653718137202321        7.5034895168645476E-004
  0.36002215309575669        2.3515376887180603E-004
  0.38386403503541566        8.7250802566846890E-006
  0.40809244079830770        9.3220554732418806E-005
  0.43273864224742592        5.0115033977554950E-004
  0.45783574598317212        1.2336454385467733E-003
  0.48341888806170358        2.2788274954254140E-003
  0.50952544949442891        3.6103835393155111E-003
  0.53619529545903277        5.1864769292814658E-003
  0.56347104160796835        6.9491559462405515E-003
  0.59139835139947095        8.8244524226848819E-003
  0.62002626901608437        1.0723391500304142E-002
  0.64940759319751051        1.2544155294332631E-002
  0.67959929822452658        1.4175650887671460E-002
  0.71066300938115157        1.5502716724116938E-002
  0.74266554153381070        1.6413147812641957E-002
  0.77567951104961330        1.6806612288633734E-002
  0.80978403319500714        1.6605349905481761E-002
  0.84506551949185604        1.5766265844689806E-002
  0.88161859236318929        1.4293642718955188E-002
  0.91954713790703990        1.2251182208440141E-002
  0.95896552196289875        9.7714709808842375E-003
   1.0000000000000002        7.0603008398247222E-003
   1.0427903580444771        4.3926849202076913E-003
   1.0874918302460024        2.0971203670063290E-003
   1.1342773492554055        5.2499213220213569E-004
   1.1833401989958212        3.4472367317775514E-006
   1.2348971565350515        7.7310069180470660E-004
   1.2891922317850668        2.9169416327556011E-003
   1.3465011422702096        6.2936845355017245E-003
   1.4071366974211936        1.0496404312902012E-002
   1.4714553158199692        1.4862749166049637E-002
   1.5398649638145827        1.8561412919670776E-002
   1.6128348909908186        2.0764651544905293E-002
   1.6909076557850113        2.0884125268658200E-002
   1.7747140955927678        1.8801229803503086E-002
   1.8649921184853133        1.4983446263943058E-002
   1.9626105055051506        1.0382695086084543E-002
   2.0685993549187929        6.0965348579195573E-003
   2.1841894364376611        2.9271730010980647E-003
   2.3108636538824112        1.0946196757260494E-003
   2.4504251978885159        2.9828753034133026E-004
   2.6050890646938019        5.4046406671280232E-005
   2.7776068539149752        5.7298208013897225E-006
   2.9714398745574431        2.9650401486488416E-007
   3.1910038804976928        5.7620374298674704E-009
   3.4420225766692183        2.8526204968839306E-011
   3.7320508075688767        1.9950430035900184E-014
   4.0712707129971992        7.9887826493886992E-019
   4.4737428292115542        1.8306151709423224E-022
   4.9594473584510741        8.3401779505998619E-023
   5.5577663337511334        1.7879567335657337E-023
   6.3137515146750438        2.5114641444356286E-024
   7.3001780318985379        2.5014227325694857E-025
   8.6427474610313109        1.7434106384988524E-026
   10.578894993405637        7.7415564495099825E-028
   13.617408897797487        1.7165076150376360E-029
   19.081136687728215        1.3826989792752293E-031
   31.820515953773956        1.7568985878858951E-038
   95.489475171113384        1.5297316503143227E-038
 
 
  -95.489475171114151        1.5271394273195520E-040
  -31.820515953774020        1.4136256212231489E-035
  -19.081136687728222        7.2351922426769938E-031
  -13.617408897797404        1.4717913020094856E-028
  -10.578894993405632        6.1081832940759368E-027
  -8.6427474610313055        1.2832472458469897E-025
  -7.3001780318985325        1.6964774803862460E-024
  -6.3137515146750385        1.5366886791210479E-023
  -5.5577663337511289        9.4997517794094543E-023
  -4.9594473584510688        3.5021568818324765E-022
  -4.4737428292115498        3.9130503829210411E-022
  -4.0712707129971948        5.9114296927253415E-018
  -3.7320508075688799        1.3598448975410062E-013
  -3.4420225766692205        1.7347768850314614E-010
  -3.1910038804976888        3.1199096328241431E-008
  -2.9714398745574400        1.4252129090866589E-006
  -2.7776068539149756        2.4361015889719054E-005
  -2.6050890646938019        2.0233231291018927E-004
  -2.4504251978885159        9.7773827128721895E-004
  -2.3108636538824077        3.1191383802322420E-003
  -2.1841894364376602        7.1849183426561389E-003
  -2.0685993549187920        1.2736797800809626E-002
  -1.9626105055051501        1.8169535640412206E-002
  -1.8649921184853129        2.1484630601984755E-002
  -1.7747140955927685        2.1401305590960779E-002
  -1.6909076557850105        1.7986336977906824E-002
  -1.6128348909908177        1.2502966033403997E-002
  -1.5398649638145820        6.7455079696993768E-003
  -1.4714553158199697        2.3161864021859655E-003
  -1.4071366974211938        1.6263131227003133E-004
  -1.3465011422702085        4.6037128569741429E-004
  -1.2891922317850657        2.7584922518077968E-003
  -1.2348971565350515        6.2490596361736992E-003
  -1.1833401989958212        1.0040110582310529E-002
  -1.1342773492554055        1.3361534358981342E-002
  -1.0874918302460013        1.5680605064998760E-002
  -1.0427903580444768        1.6735578035916045E-002
 -0.99999999999999978        1.6510568981384147E-002
 -0.95896552196289853        1.5177486009350009E-002
 -0.91954713790703979        1.3026586689442132E-002
 -0.88161859236318962        1.0400584475567361E-002
 -0.84506551949185571        7.6407400458844525E-003
 -0.80978403319500680        5.0482527426602428E-003
 -0.77567951104961264        2.8608119151249233E-003
 -0.74266554153381104        1.2421971483816219E-003
 -0.71066300938115168        2.8196545706676461E-004
 -0.67959929822452603        2.1549222034416452E-006
 -0.64940759319750996        3.6825233409930894E-004
 -0.62002626901608426        1.3021876900975462E-003
 -0.59139835139947117        2.6956805728931086E-003
 -0.56347104160796824        4.4227856529228558E-003
 -0.53619529545903266        6.3509246616940676E-003
 -0.50952544949442868        8.3500368691412693E-003
 -0.48341888806170352        1.0299733195054185E-002
 -0.45783574598317162        1.2094512474625695E-002
 -0.43273864224742598        1.3647207637157351E-002
 -0.40809244079830753        1.4890889486440512E-002
 -0.38386403503541555        1.5779480353921155E-002
 -0.36002215309575658        1.6287329915867052E-002
 -0.33653718137202310        1.6407990217509046E-002
 -0.31338100405068520        1.6152402553824104E-002
 -0.29052685673191658        1.5546680571587366E-002
 -0.26794919243112253        1.4629644524584290E-002
 -0.24562355846482550        1.3450233641355063E-002
 -0.22352648289714913        1.2064897802794371E-002
 -0.20163536937154192        1.0535047304035828E-002
 -0.17992839927925944        8.9246201463634971E-003
 -0.15838444032453600        7.2978104726818694E-003
 -0.13698296063882870        5.7169887859928603E-003
 -0.11570394767506863        4.2408345665972055E-003
  -9.4527831179282110E-002   2.9226941175738001E-003
  -7.3435409592623749E-002   1.8091709006461034E-003
  -5.2407779283041217E-002   9.3895163580648660E-004
  -3.1426266043351130E-002   3.4186897409869380E-004
  -1.0472358322297141E-002   3.8200099748141679E-005
   1.0472358322297265E-002   3.8200099747572906E-005
   3.1426266043351032E-002   3.4186897409691365E-004
   5.2407779283041342E-002   9.3895163580343837E-004
   7.3435409592623874E-002   1.8091709006417506E-003
   9.4527831179282248E-002   2.9226941175679263E-003
  0.11570394767506877        4.2408345665897029E-003
  0.13698296063882881        5.7169887859839039E-003
  0.15838444032453633        7.2978104726717117E-003
  0.17992839927925955        8.9246201463519942E-003
  0.20163536937154181        1.0535047304023173E-002
  0.22352648289714927        1.2064897802780713E-002
  0.24562355846482567        1.3450233641340617E-002
  0.26794919243112292        1.4629644524569149E-002
  0.29052685673191647        1.5546680571571691E-002
  0.31338100405068536        1.6152402553807999E-002
  0.33653718137202321        1.6407990217493042E-002
  0.36002215309575669        1.6287329915851693E-002
  0.38386403503541566        1.5779480353907027E-002
  0.40809244079830770        1.4890889486428058E-002
  0.43273864224742592        1.3647207637146509E-002
  0.45783574598317212        1.2094512474616416E-002
  0.48341888806170358        1.0299733195046450E-002
  0.50952544949442891        8.3500368691353365E-003
  0.53619529545903277        6.3509246616898782E-003
  0.56347104160796835        4.4227856529200282E-003
  0.59139835139947095        2.6956805728916497E-003
  0.62002626901608437        1.3021876900971298E-003
  0.64940759319751051        3.6825233409950588E-004
  0.67959929822452658        2.1549222034843322E-006
  0.71066300938115157        2.8196545706594153E-004
  0.74266554153381070        1.2421971483792041E-003
  0.77567951104961330        2.8608119151202092E-003
  0.80978403319500714        5.0482527426524851E-003
  0.84506551949185604        7.6407400458735567E-003
  0.88161859236318929        1.0400584475553332E-002
  0.91954713790703990        1.3026586689425298E-002
  0.95896552196289875        1.5177486009331479E-002
   1.0000000000000002        1.6510568981365239E-002
   1.0427903580444771        1.6735578035897532E-002
   1.0874918302460024        1.5680605064982794E-002
   1.1342773492554055        1.3361534358968894E-002
   1.1833401989958212        1.0040110582302751E-002
   1.2348971565350515        6.2490596361704821E-003
   1.2891922317850668        2.7584922518081086E-003
   1.3465011422702096        4.6037128569853764E-004
   1.4071366974211936        1.6263131226866090E-004
   1.4714553158199692        2.3161864021784160E-003
   1.5398649638145827        6.7455079696823418E-003
   1.6128348909908186        1.2502966033375746E-002
   1.6909076557850113        1.7986336977870894E-002
   1.7747140955927678        2.1401305590925273E-002
   1.8649921184853133        2.1484630601955691E-002
   1.9626105055051506        1.8169535640395130E-002
   2.0685993549187929        1.2736797800799895E-002
   2.1841894364376611        7.1849183426509113E-003
   2.3108636538824112        3.1191383802296672E-003
   2.4504251978885159        9.7773827128669008E-004
   2.6050890646938019        2.0233231290997809E-004
   2.7776068539149752        2.4361015889683720E-005
   2.9714398745574431        1.4252129090588269E-006
   3.1910038804976928        3.1199096326666790E-008
   3.4420225766692183        1.7347768833381578E-010
   3.7320508075688767        1.3598449191789141E-013
   4.0712707129971992        5.9114300983522864E-018
   4.4737428292115542        3.9133496945572162E-022
   4.9594473584510741        3.5025454270273454E-022
   5.5577663337511334        9.5005225067474187E-023
   6.3137515146750438        1.5366878719055178E-023
   7.3001780318985379        1.6964492556854034E-024
   8.6427474610313109        1.2835337403440064E-025
   10.578894993405637        6.0905488122430735E-027
   13.617408897797487        1.4670676294415296E-028
   19.081136687728215        1.1145774892052861E-030
   31.820515953773956        3.1479560684674479E-033
   95.489475171113384        1.8713673866312892E-040
 
 
  -95.489475171114151        9.6647149350439927E-040
  -31.820515953774020        1.0836235726775681E-034
  -19.081136687728222        5.6727310924450929E-030
  -13.617408897797404        8.6184405918047500E-028
  -10.578894993405632        3.4331978909761945E-026
  -8.6427474610313055        6.7493041405346443E-025
  -7.3001780318985325        8.1835829437885776E-024
  -6.3137515146750385        6.5268275852636532E-023
  -5.5577663337511289        3.2576937148900235E-022
  -4.9594473584510688        7.3610224870570975E-022
  -4.4737428292115498        1.8265139264390560E-024
  -4.0712707129971948        3.9644076487772853E-017
  -3.7320508075688799        8.3451499760866670E-013
  -3.4420225766692205        9.4125155636814064E-010
  -3.1910038804976888        1.4921931906046280E-007
  -2.9714398745574400        5.9834339065827766E-006
  -2.7776068539149756        8.9294923627258906E-005
  -2.6050890646938019        6.4307432702505091E-004
  -2.4504251978885159        2.6703558857877701E-003
  -2.3108636538824077        7.2329317633860919E-003
  -2.1841894364376602        1.3915135815650424E-002
  -2.0685993549187920        2.0125752463399073E-002
  -1.9626105055051501        2.2618716258810734E-002
  -1.8649921184853129        1.9918861312248116E-002
  -1.7747140955927685        1.3361815648265524E-002
  -1.6909076557850105        6.0940996053733092E-003
  -1.6128348909908177        1.1643560036669822E-003
  -1.5398649638145820        1.1401724893966993E-004
  -1.4714553158199697        2.6695598381747303E-003
  -1.4071366974211938        7.3073684575908756E-003
  -1.3465011422702085        1.2130297009409027E-002
  -1.2891922317850657        1.5593893867836795E-002
  -1.2348971565350515        1.6878508955515254E-002
  -1.1833401989958212        1.5920771016604413E-002
  -1.1342773492554055        1.3225659116117866E-002
  -1.0874918302460013        9.5950812483806547E-003
  -1.0427903580444768        5.8739619766193952E-003
 -0.99999999999999978        2.7672865999663495E-003
 -0.95896552196289853        7.4201270452600081E-004
 -0.91954713790703979        3.0817697976040940E-006
 -0.88161859236318962        5.2182249549879859E-004
 -0.84506551949185571        2.0936498873543258E-003
 -0.80978403319500680        4.4057857204069266E-003
 -0.77567951104961264        7.1014653209764403E-003
 -0.74266554153381104        9.8327343877835215E-003
 -0.71066300938115168        1.2298500227992292E-002
 -0.67959929822452603        1.4267698264434187E-002
 -0.64940759319750996        1.5589367402951661E-002
 -0.62002626901608426        1.6192361033892835E-002
 -0.59139835139947117        1.6077654520786938E-002
 -0.56347104160796824        1.5306008724332885E-002
 -0.53619529545903266        1.3983319544956964E-002
 -0.50952544949442868        1.2245468191477761E-002
 -0.48341888806170352        1.0243978493117341E-002
 -0.45783574598317162        8.1333357019481353E-003
 -0.43273864224742598        6.0604497818573357E-003
 -0.40809244079830753        4.1564587073832128E-003
 -0.38386403503541555        2.5308587938982726E-003
 -0.36002215309575658        1.2678076137147575E-003
 -0.33653718137202310        4.2435833843067737E-004
 -0.31338100405068520        3.0339201030972124E-005
 -0.29052685673191658        8.9577316139862416E-005
 -0.26794919243112253        5.8217258438955579E-004
 -0.24562355846482550        1.4675475036795575E-003
 -0.22352648289714913        2.6880265413118062E-003
 -0.20163536937154192        4.1727301015507473E-003
 -0.17992839927925944        5.8416001148324801E-003
 -0.15838444032453600        7.6094048389478515E-003
 -0.13698296063882870        9.3895985139023398E-003
 -0.11570394767506863        1.1097936270437330E-002
  -9.4527831179282110E-002   1.2655766089596142E-002
  -7.3435409592623749E-002   1.3992937523182021E-002
  -5.2407779283041217E-002   1.5050281720801379E-002
  -3.1426266043351130E-002   1.5781629254427505E-002
  -1.0472358322297141E-002   1.6155341860631240E-002
   1.0472358322297265E-002   1.6155341860630959E-002
   3.1426266043351032E-002   1.5781629254425941E-002
   5.2407779283041342E-002   1.5050281720799247E-002
   7.3435409592623874E-002   1.3992937523178664E-002
   9.4527831179282248E-002   1.2655766089592801E-002
  0.11570394767506877        1.1097936270433522E-002
  0.13698296063882881        9.3895985138987594E-003
  0.15838444032453633        7.6094048389440698E-003
  0.17992839927925955        5.8416001148293654E-003
  0.20163536937154181        4.1727301015478642E-003
  0.22352648289714927        2.6880265413096556E-003
  0.24562355846482567        1.4675475036778221E-003
  0.26794919243112292        5.8217258438856732E-004
  0.29052685673191647        8.9577316139445947E-005
  0.31338100405068536        3.0339201031200118E-005
  0.33653718137202321        4.2435833843150516E-004
  0.36002215309575669        1.2678076137159287E-003
  0.38386403503541566        2.5308587938998664E-003
  0.40809244079830770        4.1564587073846318E-003
  0.43273864224742592        6.0604497818585717E-003
  0.45783574598317212        8.1333357019481908E-003
  0.48341888806170358        1.0243978493116415E-002
  0.50952544949442891        1.2245468191475139E-002
  0.53619529545903277        1.3983319544952980E-002
  0.56347104160796835        1.5306008724326896E-002
  0.59139835139947095        1.6077654520780370E-002
  0.62002626901608437        1.6192361033884790E-002
  0.64940759319751051        1.5589367402943690E-002
  0.67959929822452658        1.4267698264424910E-002
  0.71066300938115157        1.2298500227983018E-002
  0.74266554153381070        9.8327343877741714E-003
  0.77567951104961330        7.1014653209684224E-003
  0.80978403319500714        4.4057857204001212E-003
  0.84506551949185604        2.0936498873500163E-003
  0.88161859236318929        5.2182249549672960E-004
  0.91954713790703990        3.0817697977305844E-006
  0.95896552196289875        7.4201270452756152E-004
   1.0000000000000002        2.7672865999681011E-003
   1.0427903580444771        5.8739619766207648E-003
   1.0874918302460024        9.5950812483799122E-003
   1.1342773492554055        1.3225659116115692E-002
   1.1833401989958212        1.5920771016599292E-002
   1.2348971565350515        1.6878508955509509E-002
   1.2891922317850668        1.5593893867829762E-002
   1.3465011422702096        1.2130297009403216E-002
   1.4071366974211936        7.3073684575852473E-003
   1.4714553158199692        2.6695598381719348E-003
   1.5398649638145827        1.1401724893907233E-004
   1.6128348909908186        1.1643560036679183E-003
   1.6909076557850113        6.0940996053740395E-003
   1.7747140955927678        1.3361815648261619E-002
   1.8649921184853133        1.9918861312242905E-002
   1.9626105055051506        2.2618716258803184E-002
   2.0685993549187929        2.0125752463394646E-002
   2.1841894364376611        1.3915135815644396E-002
   2.3108636538824112        7.2329317633838446E-003
   2.4504251978885159        2.6703558857848766E-003
   2.6050890646938019        6.4307432702508983E-004
   2.7776068539149752        8.9294923627067206E-005
   2.9714398745574431        5.9834339066247767E-006
   3.1910038804976928        1.4921931904960048E-007
   3.4420225766692183        9.4125155695781825E-010
   3.7320508075688767        8.3451497729801173E-013
   4.0712707129971992        3.9644158173810274E-017
   4.4737428292115542        1.8138922763478749E-024
   4.9594473584510741        7.3631673328311789E-022
   5.5577663337511334        3.2581211277769076E-022
   6.3137515146750438        6.5277881360119191E-023
   7.3001780318985379        8.1861415987622948E-024
   8.6427474610313109        6.7644738014628516E-025
   10.578894993405637        3.4205067183781859E-026
   13.617408897797487        8.6122032551204779E-028
   19.081136687728215        6.8114878380962208E-030
   31.820515953773956        2.8587648603394054E-033
   95.489475171113384        4.6552197527105641E-037
 
 
  -95.489475171114151        5.1761243079680464E-039
  -31.820515953774020        3.6526584622940745E-032
  -19.081136687728222        3.6693216995212621E-029
  -13.617408897797404        4.2080452740440069E-027
  -10.578894993405632        1.5688288178484380E-025
  -8.6427474610313055        2.8252812217474339E-024
  -7.3001780318985325        2.9972829686701027E-023
  -6.3137515146750385        1.9280549905556568E-022
  -5.5577663337511289        6.1046129646714792E-022
  -4.9594473584510688        1.3330774544321915E-022
  -4.4737428292115498        1.7121019660550402E-020
  -4.0712707129971948        2.4563739766002375E-016
  -3.7320508075688799        4.6736665886417159E-012
  -3.4420225766692205        4.6204354265715865E-009
  -3.1910038804976888        6.3934353336757938E-007
  -2.9714398745574400        2.2246422055758032E-005
  -2.7776068539149756        2.8589906069889220E-004
  -2.6050890646938019        1.7549693978477254E-003
  -2.4504251978885159        6.1245928208393261E-003
  -2.3108636538824077        1.3664607794953860E-002
  -2.1841894364376602        2.1011989972745348E-002
  -2.0685993549187920        2.3139101307471988E-002
  -1.9626105055051501        1.8144012200304972E-002
  -1.8649921184853129        9.2289961469843047E-003
  -1.7747140955927685        1.9636845662672959E-003
  -1.6909076557850105        1.1805423988757075E-004
  -1.6128348909908177        3.6908522630928892E-003
  -1.5398649638145820        9.8209938749843680E-003
  -1.4714553158199697        1.5025586156277861E-002
  -1.4071366974211938        1.7029322633033903E-002
  -1.3465011422702085        1.5417912939614999E-002
  -1.2891922317850657        1.1275649995446304E-002
  -1.2348971565350515        6.3613103646473976E-003
  -1.1833401989958212        2.3226203975304552E-003
  -1.1342773492554055        2.1196740388543169E-004
  -1.0874918302460013        3.4353420562461390E-004
  -1.0427903580444768        2.4034575298987901E-003
 -0.99999999999999978        5.6868794925194139E-003
 -0.95896552196289853        9.3542047702814008E-003
 -0.91954713790703979        1.2638947816130409E-002
 -0.88161859236318962        1.4978807676130197E-002
 -0.84506551949185571        1.6069980036607867E-002
 -0.80978403319500680        1.5860484927394756E-002
 -0.77567951104961264        1.4503879700514961E-002
 -0.74266554153381104        1.2293740953012985E-002
 -0.71066300938115168        9.5950011149774986E-003
 -0.67959929822452603        6.7829332388212264E-003
 -0.64940759319750996        4.1956838023140515E-003
 -0.62002626901608426        2.1023917317996061E-003
 -0.59139835139947117        6.8626850993261715E-004
 -0.56347104160796824        4.0429928928129332E-005
 -0.53619529545903266        1.7354184017561242E-004
 -0.50952544949442868        1.0222146635998836E-003
 -0.48341888806170352        2.4673337074890846E-003
 -0.45783574598317162        4.3519662736894423E-003
 -0.43273864224742598        6.4990160319207714E-003
 -0.40809244079830753        8.7273181914560675E-003
 -0.38386403503541555        1.0865335914551869E-002
 -0.36002215309575658        1.2762008750296322E-002
 -0.33653718137202310        1.4294608237847856E-002
 -0.31338100405068520        1.5373682343764041E-002
 -0.29052685673191658        1.5945324424572884E-002
 -0.26794919243112253        1.5991100869467686E-002
 -0.24562355846482550        1.5526021730040713E-002
 -0.22352648289714913        1.4594957191833964E-002
 -0.20163536937154192        1.3267894165937981E-002
 -0.17992839927925944        1.1634405065310814E-002
 -0.15838444032453600        9.7976660650564082E-003
 -0.13698296063882870        7.8683247804587353E-003
 -0.11570394767506863        5.9584759012327659E-003
  -9.4527831179282110E-002   4.1759648781140302E-003
  -7.3435409592623749E-002   2.6192014854082369E-003
  -5.2407779283041217E-002   1.3726316563179315E-003
  -3.1426266043351130E-002   5.0298424896348182E-004
  -1.0472358322297141E-002   5.6382220364771674E-005
   1.0472358322297265E-002   5.6382220365811837E-005
   3.1426266043351032E-002   5.0298424896641004E-004
   5.2407779283041342E-002   1.3726316563224413E-003
   7.3435409592623874E-002   2.6192014854139038E-003
   9.4527831179282248E-002   4.1759648781202726E-003
  0.11570394767506877        5.9584759012389580E-003
  0.13698296063882881        7.8683247804644894E-003
  0.15838444032453633        9.7976660650613504E-003
  0.17992839927925955        1.1634405065314532E-002
  0.20163536937154181        1.3267894165940253E-002
  0.22352648289714927        1.4594957191834249E-002
  0.24562355846482567        1.5526021730039133E-002
  0.26794919243112292        1.5991100869464092E-002
  0.29052685673191647        1.5945324424567354E-002
  0.31338100405068536        1.5373682343756337E-002
  0.33653718137202321        1.4294608237838730E-002
  0.36002215309575669        1.2762008750286441E-002
  0.38386403503541566        1.0865335914541649E-002
  0.40809244079830770        8.7273181914463739E-003
  0.43273864224742592        6.4990160319119694E-003
  0.45783574598317212        4.3519662736817948E-003
  0.48341888806170358        2.4673337074829359E-003
  0.50952544949442891        1.0222146635958096E-003
  0.53619529545903277        1.7354184017397134E-004
  0.56347104160796835        4.0429928928914999E-005
  0.59139835139947095        6.8626850993579625E-004
  0.62002626901608437        2.1023917318048384E-003
  0.64940759319751051        4.1956838023207996E-003
  0.67959929822452658        6.7829332388288774E-003
  0.71066300938115157        9.5950011149849978E-003
  0.74266554153381070        1.2293740953019869E-002
  0.77567951104961330        1.4503879700520287E-002
  0.80978403319500714        1.5860484927398028E-002
  0.84506551949185604        1.6069980036609584E-002
  0.88161859236318929        1.4978807676130803E-002
  0.91954713790703990        1.2638947816130562E-002
  0.95896552196289875        9.3542047702814008E-003
   1.0000000000000002        5.6868794925193401E-003
   1.0427903580444771        2.4034575298987016E-003
   1.0874918302460024        3.4353420562458501E-004
   1.1342773492554055        2.1196740388552504E-004
   1.1833401989958212        2.3226203975309379E-003
   1.2348971565350515        6.3613103646483586E-003
   1.2891922317850668        1.1275649995447442E-002
   1.3465011422702096        1.5417912939616869E-002
   1.4071366974211936        1.7029322633033677E-002
   1.4714553158199692        1.5025586156276027E-002
   1.5398649638145827        9.8209938749803070E-003
   1.6128348909908186        3.6908522630886356E-003
   1.6909076557850113        1.1805423988664866E-004
   1.7747140955927678        1.9636845662708382E-003
   1.8649921184853133        9.2289961469916477E-003
   1.9626105055051506        1.8144012200314513E-002
   2.0685993549187929        2.3139101307483388E-002
   2.1841894364376611        2.1011989972755132E-002
   2.3108636538824112        1.3664607794961326E-002
   2.4504251978885159        6.1245928208421892E-003
   2.6050890646938019        1.7549693978489724E-003
   2.7776068539149752        2.8589906069931070E-004
   2.9714398745574431        2.2246422055894418E-005
   3.1910038804976928        6.3934353337848864E-007
   3.4420225766692183        4.6204354273172758E-009
   3.7320508075688767        4.6736665394704927E-012
   4.0712707129971992        2.4563736575633224E-016
   4.4737428292115542        1.7121680119351445E-020
   4.9594473584510741        1.3330918212300503E-022
   5.5577663337511334        6.1040642708743576E-022
   6.3137515146750438        1.9279683618616490E-022
   7.3001780318985379        2.9976399553845081E-023
   8.6427474610313109        2.8258456137357786E-024
   10.578894993405637        1.5658943344334523E-025
   13.617408897797487        4.2121441354151855E-027
   19.081136687728215        3.4902725899340586E-029
   31.820515953773956        4.1037878808886517E-032
   95.489475171113384        1.3516679381522622E-037
 
 
  -95.489475171114151        1.6909265583244161E-038
  -31.820515953774020        1.2855356446755768E-031
  -19.081136687728222        1.1250361536490607E-028
  -13.617408897797404        1.2275765188374900E-026
  -10.578894993405632        4.1573747699614604E-025
  -8.6427474610313055        6.4367696838744612E-024
  -7.3001780318985325        5.1931841389380224E-023
  -6.3137515146750385        1.7645710013453182E-022
  -5.5577663337511289        2.1776207937505071E-025
  -4.9594473584510688        1.4456995134529467E-020
  -4.4737428292115498        3.8193798826732872E-019
  -4.0712707129971948        1.4175880620011993E-015
  -3.7320508075688799        2.4095736567079408E-011
  -3.4420225766692205        2.0702473772331604E-008
  -3.1910038804976888        2.4755548880971131E-006
  -2.9714398745574400        7.3854816890362294E-005
  -2.7776068539149756        8.0510778082124935E-004
  -2.6050890646938019        4.1294643357250877E-003
  -2.4504251978885159        1.1778936052133688E-002
  -2.3108636538824077        2.0754658764203016E-002
  -2.1841894364376602        2.3769072815453880E-002
  -2.0685993549187920        1.7360152207313656E-002
  -1.9626105055051501        6.6832313582879466E-003
  -1.8649921184853129        3.0062727089565750E-004
  -1.7747140955927685        2.1240378655027719E-003
  -1.6909076557850105        9.1955279594367265E-003
  -1.6128348909908177        1.5549624736777219E-002
  -1.5398649638145820        1.7056365017167344E-002
  -1.4714553158199697        1.3459468033950451E-002
  -1.4071366974211938        7.3966939755323591E-003
  -1.3465011422702085        2.1798225786660522E-003
  -1.2891922317850657        1.6358357377164494E-005
  -1.2348971565350515        1.3582259401780027E-003
  -1.1833401989958212        5.2126045618643545E-003
  -1.1342773492554055        9.9033908961659711E-003
  -1.0874918302460013        1.3819712822549205E-002
  -1.0427903580444768        1.5897801459909863E-002
 -0.99999999999999978        1.5784160637741202E-002
 -0.95896552196289853        1.3750869846374570E-002
 -0.91954713790703979        1.0476516850967654E-002
 -0.88161859236318962        6.7959103224965707E-003
 -0.84506551949185571        3.4880081895383923E-003
 -0.80978403319500680        1.1352038560919473E-003
 -0.77567951104961264        5.8842444934751779E-005
 -0.74266554153381104        3.1856401217837189E-004
 -0.71066300938115168        1.7555633913468012E-003
 -0.67959929822452603        4.0592317600026163E-003
 -0.64940759319750996        6.8399537492292448E-003
 -0.62002626901608426        9.6957429709843418E-003
 -0.59139835139947117        1.2265371776138045E-002
 -0.56347104160796824        1.4264857179898914E-002
 -0.53619529545903266        1.5507273018646959E-002
 -0.50952544949442868        1.5907870717287359E-002
 -0.48341888806170352        1.5477560930718736E-002
 -0.45783574598317162        1.4308170295554585E-002
 -0.43273864224742598        1.2552758079647994E-002
 -0.40809244079830753        1.0403859587685669E-002
 -0.38386403503541555        8.0719585559896334E-003
 -0.36002215309575658        5.7658938359516432E-003
 -0.33653718137202310        3.6763382257868019E-003
 -0.31338100405068520        1.9629945433002429E-003
 -0.29052685673191658        7.4574823145601003E-004
 -0.26794919243112253        9.9704049024806410E-005
 -0.24562355846482550        5.3807242704614695E-005
 -0.22352648289714913        5.9259851131203325E-004
 -0.20163536937154192        1.6605623780360328E-003
 -0.17992839927925944        3.1684882545811796E-003
 -0.15838444032453600        5.0012600706035876E-003
 -0.13698296063882870        7.0265133835867707E-003
 -0.11570394767506863        9.1036402843693957E-003
  -9.4527831179282110E-002   1.1092674658042747E-002
  -7.3435409592623749E-002   1.2862649351928272E-002
  -5.2407779283041217E-002   1.4299077843081247E-002
  -3.1426266043351130E-002   1.5310274822674944E-002
  -1.0472358322297141E-002   1.5832290251948183E-002
   1.0472358322297265E-002   1.5832290251948575E-002
   3.1426266043351032E-002   1.5310274822675740E-002
   5.2407779283041342E-002   1.4299077843083341E-002
   7.3435409592623874E-002   1.2862649351930837E-002
   9.4527831179282248E-002   1.1092674658046336E-002
  0.11570394767506877        9.1036402843732208E-003
  0.13698296063882881        7.0265133835909046E-003
  0.15838444032453633        5.0012600706074370E-003
  0.17992839927925955        3.1684882545849288E-003
  0.20163536937154181        1.6605623780389831E-003
  0.22352648289714927        5.9259851131410006E-004
  0.24562355846482567        5.3807242705292707E-005
  0.26794919243112292        9.9704049023766010E-005
  0.29052685673191647        7.4574823145310361E-004
  0.31338100405068536        1.9629945432952617E-003
  0.33653718137202321        3.6763382257799988E-003
  0.36002215309575669        5.7658938359430954E-003
  0.38386403503541566        8.0719585559802676E-003
  0.40809244079830770        1.0403859587675564E-002
  0.43273864224742592        1.2552758079637735E-002
  0.45783574598317212        1.4308170295543359E-002
  0.48341888806170358        1.5477560930707613E-002
  0.50952544949442891        1.5907870717276430E-002
  0.53619529545903277        1.5507273018637465E-002
  0.56347104160796835        1.4264857179890577E-002
  0.59139835139947095        1.2265371776132458E-002
  0.62002626901608437        9.6957429709813702E-003
  0.64940759319751051        6.8399537492293489E-003
  0.67959929822452658        4.0592317600040969E-003
  0.71066300938115157        1.7555633913491305E-003
  0.74266554153381070        3.1856401217971353E-004
  0.77567951104961330        5.8842444934000406E-005
  0.80978403319500714        1.1352038560881301E-003
  0.84506551949185604        3.4880081895305912E-003
  0.88161859236318929        6.7959103224858580E-003
  0.91954713790703990        1.0476516850955225E-002
  0.95896552196289875        1.3750869846363220E-002
   1.0000000000000002        1.5784160637732553E-002
   1.0427903580444771        1.5897801459905672E-002
   1.0874918302460024        1.3819712822548510E-002
   1.1342773492554055        9.9033908961695637E-003
   1.1833401989958212        5.2126045618695969E-003
   1.2348971565350515        1.3582259401823543E-003
   1.2891922317850668        1.6358357376565503E-005
   1.3465011422702096        2.1798225786583479E-003
   1.4071366974211936        7.3966939755186192E-003
   1.4714553158199692        1.3459468033933693E-002
   1.5398649638145827        1.7056365017154376E-002
   1.6128348909908186        1.5549624736769978E-002
   1.6909076557850113        9.1955279594371376E-003
   1.7747140955927678        2.1240378655049165E-003
   1.8649921184853133        3.0062727089417827E-004
   1.9626105055051506        6.6832313582806790E-003
   2.0685993549187929        1.7360152207302210E-002
   2.1841894364376611        2.3769072815447701E-002
   2.3108636538824112        2.0754658764200969E-002
   2.4504251978885159        1.1778936052136028E-002
   2.6050890646938019        4.1294643357241648E-003
   2.7776068539149752        8.0510778082142889E-004
   2.9714398745574431        7.3854816890346967E-005
   3.1910038804976928        2.4755548881590799E-006
   3.4420225766692183        2.0702473771631246E-008
   3.7320508075688767        2.4095736552492278E-011
   4.0712707129971992        1.4175876276678336E-015
   4.4737428292115542        3.8194309546944056E-019
   4.9594473584510741        1.4457629054882770E-020
   5.5577663337511334        2.1631202232940533E-025
   6.3137515146750438        1.7642149636239060E-022
   7.3001780318985379        5.1931029195451432E-023
   8.6427474610313109        6.4335593889027244E-024
   10.578894993405637        4.1524126339443905E-025
   13.617408897797487        1.2285464941159498E-026
   19.081136687728215        1.0752962810650563E-028
   31.820515953773956        7.6931554006280572E-032
   95.489475171113384        2.8393040520086127E-038
 
 
  -95.489475171114151        4.1139774249755830E-038
  -31.820515953774020        1.7003647021266569E-031
  -19.081136687728222        2.3217500467713960E-028
  -13.617408897797404        2.3486370617293810E-026
  -10.578894993405632        6.3075853169898913E-025
  -8.6427474610313055        6.1972307856914566E-024
  -7.3001780318985325        1.2478552122422889E-023
  -6.3137515146750385        1.5397747338360749E-022
  -5.5577663337511289        1.4455212537948539E-020
  -4.9594473584510688        3.1702312346554782E-019
  -4.4737428292115498        3.7971671350801719E-018
  -4.0712707129971948        7.7277034805943522E-015
  -3.7320508075688799        1.1513671685792249E-010
  -3.4420225766692205        8.5251572821639876E-008
  -3.1910038804976888        8.7193809242521149E-006
  -2.9714398745574400        2.2018052304102005E-004
  -2.7776068539149756        2.0016093299144995E-003
  -2.6050890646938019        8.3742156469790250E-003
  -2.4504251978885159        1.8811659299571980E-002
  -2.3108636538824077        2.4536949724319433E-002
  -2.1841894364376602        1.8271705779287949E-002
  -2.0685993549187920        5.9230805063104830E-003
  -1.9626105055051501        1.1359293286615796E-006
  -1.8649921184853129        4.8083949092249485E-003
  -1.7747140955927685        1.3549972582337750E-002
  -1.6909076557850105        1.7414051329552115E-002
  -1.6128348909908177        1.3740500139734763E-002
  -1.5398649638145820        6.3612583438725414E-003
  -1.4714553158199697        8.9693701592128414E-004
  -1.4071366974211938        4.8290705791170460E-004
  -1.3465011422702085        4.5915578591434669E-003
  -1.2891922317850657        1.0387639703680850E-002
  -1.2348971565350515        1.4822543915716357E-002
  -1.1833401989958212        1.6102873428113125E-002
  -1.1342773492554055        1.4101962343278986E-002
  -1.0874918302460013        9.9577033653335360E-003
  -1.0427903580444768        5.3315688414451810E-003
 -0.99999999999999978        1.7263753133667120E-003
 -0.95896552196289853        6.8709712954626674E-005
 -0.91954713790703979        5.8826365472087073E-004
 -0.88161859236318962        2.9226057270594487E-003
 -0.84506551949185571        6.3410417843128408E-003
 -0.80978403319500680        9.9918473521964177E-003
 -0.77567951104961264        1.3108277878778746E-002
 -0.74266554153381104        1.5142422795888929E-002
 -0.71066300938115168        1.5822642283593723E-002
 -0.67959929822452603        1.5147050931205637E-002
 -0.64940759319750996        1.3333069881633195E-002
 -0.62002626901608426        1.0743963311701101E-002
 -0.59139835139947117        7.8101433373985642E-003
 -0.56347104160796824        4.9581484573178354E-003
 -0.53619529545903266        2.5550715376677848E-003
 -0.50952544949442868        8.7177475439057851E-004
 -0.48341888806170352        6.4841876822452438E-005
 -0.45783574598317162        1.7497700756119680E-004
 -0.43273864224742598        1.1383131658337384E-003
 -0.40809244079830753        2.8066478152618058E-003
 -0.38386403503541555        4.9727365253636868E-003
 -0.36002215309575658        7.3972454406773481E-003
 -0.33653718137202310        9.8346223671396116E-003
 -0.31338100405068520        1.2055861278947368E-002
 -0.29052685673191658        1.3866833942413951E-002
 -0.26794919243112253        1.5121475799791577E-002
 -0.24562355846482550        1.5729635559485821E-002
 -0.22352648289714913        1.5659797235190735E-002
 -0.20163536937154192        1.4937188729191536E-002
 -0.17992839927925944        1.3637986244344064E-002
 -0.15838444032453600        1.1880450444724452E-002
 -0.13698296063882870        9.8138758498288597E-003
 -0.11570394767506863        7.6062410368378415E-003
  -9.4527831179282110E-002   5.4314006836558302E-003
  -7.3435409592623749E-002   3.4565969094430167E-003
  -5.2407779283041217E-002   1.8309728945958706E-003
  -3.1426266043351130E-002   6.7567367530730271E-004
  -1.0472358322297141E-002   7.6004481711179774E-005
   1.0472358322297265E-002   7.6004481710738382E-005
   3.1426266043351032E-002   6.7567367530597846E-004
   5.2407779283041342E-002   1.8309728945937488E-003
   7.3435409592623874E-002   3.4565969094402620E-003
   9.4527831179282248E-002   5.4314006836525246E-003
  0.11570394767506877        7.6062410368343469E-003
  0.13698296063882881        9.8138758498254007E-003
  0.15838444032453633        1.1880450444721630E-002
  0.17992839927925955        1.3637986244342086E-002
  0.20163536937154181        1.4937188729190275E-002
  0.22352648289714927        1.5659797235190513E-002
  0.24562355846482567        1.5729635559486865E-002
  0.26794919243112292        1.5121475799793803E-002
  0.29052685673191647        1.3866833942417363E-002
  0.31338100405068536        1.2055861278951713E-002
  0.33653718137202321        9.8346223671447203E-003
  0.36002215309575669        7.3972454406827049E-003
  0.38386403503541566        4.9727365253690375E-003
  0.40809244079830770        2.8066478152663108E-003
  0.43273864224742592        1.1383131658368726E-003
  0.45783574598317212        1.7497700756247800E-004
  0.48341888806170358        6.4841876821681503E-005
  0.50952544949442891        8.7177475438789402E-004
  0.53619529545903277        2.5550715376633508E-003
  0.56347104160796835        4.9581484573121481E-003
  0.59139835139947095        7.8101433373926775E-003
  0.62002626901608437        1.0743963311695914E-002
  0.64940759319751051        1.3333069881629519E-002
  0.67959929822452658        1.5147050931202983E-002
  0.71066300938115157        1.5822642283592397E-002
  0.74266554153381070        1.5142422795889366E-002
  0.77567951104961330        1.3108277878780770E-002
  0.80978403319500714        9.9918473521997189E-003
  0.84506551949185604        6.3410417843166129E-003
  0.88161859236318929        2.9226057270625395E-003
  0.91954713790703990        5.8826365472225786E-004
  0.95896552196289875        6.8709712954171688E-005
   1.0000000000000002        1.7263753133648541E-003
   1.0427903580444771        5.3315688414429614E-003
   1.0874918302460024        9.9577033653326513E-003
   1.1342773492554055        1.4101962343280563E-002
   1.1833401989958212        1.6102873428117163E-002
   1.2348971565350515        1.4822543915722556E-002
   1.2891922317850668        1.0387639703687739E-002
   1.3465011422702096        4.5915578591484247E-003
   1.4071366974211936        4.8290705791296720E-004
   1.4714553158199692        8.9693701592033774E-004
   1.5398649638145827        6.3612583438726741E-003
   1.6128348909908186        1.3740500139739020E-002
   1.6909076557850113        1.7414051329560348E-002
   1.7747140955927678        1.3549972582345160E-002
   1.8649921184853133        4.8083949092280632E-003
   1.9626105055051506        1.1359293286334662E-006
   2.0685993549187929        5.9230805063103242E-003
   2.1841894364376611        1.8271705779290083E-002
   2.3108636538824112        2.4536949724324044E-002
   2.4504251978885159        1.8811659299576206E-002
   2.6050890646938019        8.3742156469791499E-003
   2.7776068539149752        2.0016093299132392E-003
   2.9714398745574431        2.2018052304081253E-004
   3.1910038804976928        8.7193809242575020E-006
   3.4420225766692183        8.5251572820979270E-008
   3.7320508075688767        1.1513671690934101E-010
   4.0712707129971992        7.7277037405702114E-015
   4.4737428292115542        3.7971431768985707E-018
   4.9594473584510741        3.1702316643347672E-019
   5.5577663337511334        1.4455143353704918E-020
   6.3137515146750438        1.5399209528282816E-022
   7.3001780318985379        1.2478380187792825E-023
   8.6427474610313109        6.1967750077573144E-024
   10.578894993405637        6.3098686397146483E-025
   13.617408897797487        2.3486239557908016E-026
   19.081136687728215        2.3469260480057222E-028
   31.820515953773956        1.8043317568317872E-031
   95.489475171113384        5.3948806279540578E-037
 
 
