  -95.489475171114151       -6.4107174729346677E-024
  -31.820515953774020       -2.0039012571768492E-017
  -19.081136687728222        7.3756029167641380E-017
  -13.617408897797404       -7.6150859578049144E-017
  -10.578894993405632        1.3152750952552173E-016
  -8.6427474610313055        4.3219125605046424E-016
  -7.3001780318985325       -2.8358642233673233E-015
  -6.3137515146750385        9.5130703668762652E-015
  -5.5577663337511289       -3.2519346685785627E-014
  -4.9594473584510688        9.0280466922011639E-014
  -4.4737428292115498       -1.8619290067536679E-013
  -4.0712707129971948        6.7911708031015473E-012
  -3.7320508075688799        1.2206817195301632E-009
  -3.4420225766692205        5.4665215051874692E-008
  -3.1910038804976888        9.2133097270229755E-007
  -2.9714398745574400        7.8536039243394238E-006
  -2.7776068539149756        4.1121507371213560E-005
  -2.6050890646938019        1.5083871042070125E-004
  -2.4504251978885159        4.2458477257608111E-004
  -2.3108636538824077        9.7819577445366836E-004
  -2.1841894364376602        1.9323825560210468E-003
  -2.0685993549187920        3.3867344006782655E-003
  -1.9626105055051501        5.4016205148927528E-003
  -1.8649921184853129        7.9919852357387272E-003
  -1.7747140955927685        1.1131287322448957E-002
  -1.6909076557850105        1.4761346880802568E-002
  -1.6128348909908177        1.8804020102939429E-002
  -1.5398649638145820        2.3171945168082787E-002
  -1.4714553158199697        2.7777012033069044E-002
  -1.4071366974211938        3.2536235922464830E-002
  -1.3465011422702085        3.7375294870049931E-002
  -1.2891922317850657        4.2230230794004141E-002
  -1.2348971565350515        4.7047845468097087E-002
  -1.1833401989958212        5.1785253202419862E-002
  -1.1342773492554055        5.6408948214617852E-002
  -1.0874918302460013        6.0893642178630594E-002
  -1.0427903580444768        6.5221041588841039E-002
 -0.99999999999999978        6.9378669172506402E-002
 -0.95896552196289853        7.3358787066385697E-002
 -0.91954713790703979        7.7157448216875535E-002
 -0.88161859236318962        8.0773682653735510E-002
 -0.84506551949185571        8.4208813550389727E-002
 -0.80978403319500680        8.7465891714121349E-002
 -0.77567951104961264        9.0549234388646205E-002
 -0.74266554153381104        9.3464053659526689E-002
 -0.71066300938115168        9.6216160392695496E-002
 -0.67959929822452603        9.8811730925561156E-002
 -0.64940759319750996       0.10125712527857010     
 -0.62002626901608426       0.10355874725180675     
 -0.59139835139947117       0.10572293827822578     
 -0.56347104160796824       0.10775589827116110     
 -0.53619529545903266       0.10966362789428012     
 -0.50952544949442868       0.11145188770520485     
 -0.48341888806170352       0.11312617048154743     
 -0.45783574598317162       0.11469168375486474     
 -0.43273864224742598       0.11615334016527579     
 -0.40809244079830753       0.11751575373252926     
 -0.38386403503541555       0.11878324052910286     
 -0.36002215309575658       0.11995982255841925     
 -0.33653718137202310       0.12104923389448359     
 -0.31338100405068520       0.12205492834424166     
 -0.29052685673191658       0.12298008805571330     
 -0.26794919243112253       0.12382763262535436     
 -0.24562355846482550       0.12460022835983735     
 -0.22352648289714913       0.12530029742921181     
 -0.20163536937154192       0.12593002671126730     
 -0.17992839927925944       0.12649137617735190     
 -0.15838444032453600       0.12698608670788461     
 -0.13698296063882870       0.12741568725618505     
 -0.11570394767506863       0.12778150130150032     
  -9.4527831179282110E-002  0.12808465254976659     
  -7.3435409592623749E-002  0.12832606985311362     
  -5.2407779283041217E-002  0.12850649132881967     
  -3.1426266043351130E-002  0.12862646766492056     
  -1.0472358322297141E-002  0.12868636460461455     
   1.0472358322297265E-002  0.12868636460461891     
   3.1426266043351032E-002  0.12862646766493457     
   5.2407779283041342E-002  0.12850649132884207     
   7.3435409592623874E-002  0.12832606985314543     
   9.4527831179282248E-002  0.12808465254980606     
  0.11570394767506877       0.12778150130154639     
  0.13698296063882881       0.12741568725623670     
  0.15838444032453633       0.12698608670794168     
  0.17992839927925955       0.12649137617741252     
  0.20163536937154181       0.12593002671133105     
  0.22352648289714927       0.12530029742927509     
  0.24562355846482567       0.12460022835990235     
  0.26794919243112292       0.12382763262541999     
  0.29052685673191647       0.12298008805578162     
  0.31338100405068536       0.12205492834431181     
  0.33653718137202321       0.12104923389455728     
  0.36002215309575669       0.11995982255849662     
  0.38386403503541566       0.11878324052918401     
  0.40809244079830770       0.11751575373261322     
  0.43273864224742592       0.11615334016536318     
  0.45783574598317212       0.11469168375495609     
  0.48341888806170358       0.11312617048164345     
  0.50952544949442891       0.11145188770530622     
  0.53619529545903277       0.10966362789438684     
  0.56347104160796835       0.10775589827127141     
  0.59139835139947095       0.10572293827834049     
  0.62002626901608437       0.10355874725192493     
  0.64940759319751051       0.10125712527869273     
  0.67959929822452658        9.8811730925686889E-002
  0.71066300938115157        9.6216160392823560E-002
  0.74266554153381070        9.3464053659653601E-002
  0.77567951104961330        9.0549234388771702E-002
  0.80978403319500714        8.7465891714241725E-002
  0.84506551949185604        8.4208813550504830E-002
  0.88161859236318929        8.0773682653844769E-002
  0.91954713790703990        7.7157448216980923E-002
  0.95896552196289875        7.3358787066486117E-002
   1.0000000000000002        6.9378669172604698E-002
   1.0427903580444771        6.5221041588935671E-002
   1.0874918302460024        6.0893642178723902E-002
   1.1342773492554055        5.6408948214706905E-002
   1.1833401989958212        5.1785253202504475E-002
   1.2348971565350515        4.7047845468176815E-002
   1.2891922317850668        4.2230230794078463E-002
   1.3465011422702096        3.7375294870118439E-002
   1.4071366974211936        3.2536235922527017E-002
   1.4714553158199692        2.7777012033117974E-002
   1.5398649638145827        2.3171945168118640E-002
   1.6128348909908186        1.8804020102960887E-002
   1.6909076557850113        1.4761346880811198E-002
   1.7747140955927678        1.1131287322448983E-002
   1.8649921184853133        7.9919852357417144E-003
   1.9626105055051506        5.4016205148997897E-003
   2.0685993549187929        3.3867344006827389E-003
   2.1841894364376611        1.9323825560126598E-003
   2.3108636538824112        9.7819577444748862E-004
   2.4504251978885159        4.2458477258046010E-004
   2.6050890646938019        1.5083871043534527E-004
   2.7776068539149752        4.1121507383807137E-005
   2.9714398745574431        7.8536039362090862E-006
   3.1910038804976928        9.2133097856536326E-007
   3.4420225766692183        5.4665216603544012E-008
   3.7320508075688767        1.2206810686122655E-009
   4.0712707129971992        6.7911346392591307E-012
   4.4737428292115542       -1.9505675870236729E-013
   4.9594473584510741        8.9965228345224208E-014
   5.5577663337511334       -3.2780754654832810E-014
   6.3137515146750438        1.0028070788520464E-014
   7.3001780318985379       -2.5688558412788911E-015
   8.6427474610313109        5.5615544068717100E-016
   10.578894993405637       -9.6127790496378842E-017
   13.617408897797487        7.1568181522537084E-018
   19.081136687728215        3.0269363030416872E-017
   31.820515953773956       -1.5717301553074899E-016
   95.489475171113384       -5.2795186135324339E-019
 
 
  -95.489475171114151       -5.0845432749534189E-023
  -31.820515953774020       -1.1408118278274908E-016
  -19.081136687728222        1.8819688424515133E-016
  -13.617408897797404       -1.0763278127687311E-017
  -10.578894993405632        5.5001884541550637E-017
  -8.6427474610313055        2.1046253615716662E-015
  -7.3001780318985325       -1.2207849964895377E-014
  -6.3137515146750385        4.5457868524147422E-014
  -5.5577663337511289       -1.4549783781229892E-013
  -4.9594473584510688        3.8857963620709069E-013
  -4.4737428292115498       -7.9238899960020524E-013
  -4.0712707129971948        2.9594036977940200E-011
  -3.7320508075688799        5.1942475177045399E-009
  -3.4420225766692205        2.2574985244273662E-007
  -3.1910038804976888        3.6923417779774591E-006
  -2.9714398745574400        3.0539947917147540E-005
  -2.7776068539149756        1.5514077999273632E-004
  -2.6050890646938019        5.5204163280694483E-004
  -2.4504251978885159        1.5071959575200520E-003
  -2.3108636538824077        3.3676041742066831E-003
  -2.1841894364376602        6.4509110342011932E-003
  -2.0685993549187920        1.0961831230300600E-002
  -1.9626105055051501        1.6948820601097831E-002
  -1.8649921184853129        2.4306387695625563E-002
  -1.7747140955927685        3.2809167780290818E-002
  -1.6909076557850105        4.2158949794192206E-002
  -1.6128348909908177        5.2030000732572336E-002
  -1.5398649638145820        6.2104775394590826E-002
  -1.4714553158199697        7.2097694954233876E-002
  -1.4071366974211938        8.1768041399274932E-002
  -1.3465011422702085        9.0924454451885919E-002
  -1.2891922317850657        9.9423735330554680E-002
  -1.2348971565350515       0.10716627771568625     
  -1.1833401989958212       0.11408986574043720     
  -1.1342773492554055       0.12016301673406163     
  -1.0874918302460013       0.12537859021094008     
  -1.0427903580444768       0.12974805198997508     
 -0.99999999999999978       0.13329655879514105     
 -0.95896552196289853       0.13605888978537042     
 -0.91954713790703979       0.13807617265324335     
 -0.88161859236318962       0.13939331325673696     
 -0.84506551949185571       0.14005702409284704     
 -0.80978403319500680       0.14011434794760286     
 -0.77567951104961264       0.13961158176025326     
 -0.74266554153381104       0.13859351787991300     
 -0.71066300938115168       0.13710293281273381     
 -0.67959929822452603       0.13518026591722643     
 -0.64940759319750996       0.13286344153934962     
 -0.62002626901608426       0.13018779759892729     
 -0.59139835139947117       0.12718609157234143     
 -0.56347104160796824       0.12388856134195955     
 -0.53619529545903266       0.12032302362042394     
 -0.50952544949442868       0.11651499685087395     
 -0.48341888806170352       0.11248783876575112     
 -0.45783574598317162       0.10826289136839981     
 -0.43273864224742598       0.10385962808041099     
 -0.40809244079830753        9.9295799335037030E-002
 -0.38386403503541555        9.4587574050294873E-002
 -0.36002215309575658        8.9749675302832246E-002
 -0.33653718137202310        8.4795509171425865E-002
 -0.31338100405068520        7.9737286213641567E-002
 -0.29052685673191658        7.4586135385773245E-002
 -0.26794919243112253        6.9352210479474694E-002
 -0.24562355846482550        6.4044789320310366E-002
 -0.22352648289714913        5.8672366104227283E-002
 -0.20163536937154192        5.3242737321514813E-002
 -0.17992839927925944        4.7763081775408160E-002
 -0.15838444032453600        4.2240035223358584E-002
 -0.13698296063882870        3.6679760188421243E-002
 -0.11570394767506863        3.1088011483040637E-002
  -9.4527831179282110E-002   2.5470197989138452E-002
  -7.3435409592623749E-002   1.9831441222515095E-002
  -5.2407779283041217E-002   1.4176631205033700E-002
  -3.1426266043351130E-002   8.5104801500350893E-003
  -1.0472358322297141E-002   2.8375744622258243E-003
   1.0472358322297265E-002  -2.8375744622156020E-003
   3.1426266043351032E-002  -8.5104801500230694E-003
   5.2407779283041342E-002  -1.4176631205019850E-002
   7.3435409592623874E-002  -1.9831441222499697E-002
   9.4527831179282248E-002  -2.5470197989119901E-002
  0.11570394767506877       -3.1088011483020872E-002
  0.13698296063882881       -3.6679760188401848E-002
  0.15838444032453633       -4.2240035223340959E-002
  0.17992839927925955       -4.7763081775392076E-002
  0.20163536937154181       -5.3242737321501261E-002
  0.22352648289714927       -5.8672366104215549E-002
  0.24562355846482567       -6.4044789320301707E-002
  0.26794919243112292       -6.9352210479467880E-002
  0.29052685673191647       -7.4586135385769650E-002
  0.31338100405068536       -7.9737286213639222E-002
  0.33653718137202321       -8.4795509171426892E-002
  0.36002215309575669       -8.9749675302835785E-002
  0.38386403503541566       -9.4587574050302548E-002
  0.40809244079830770       -9.9295799335047230E-002
  0.43273864224742592      -0.10385962808042434     
  0.45783574598317212      -0.10826289136841320     
  0.48341888806170358      -0.11248783876576704     
  0.50952544949442891      -0.11651499685089141     
  0.53619529545903277      -0.12032302362044441     
  0.56347104160796835      -0.12388856134197954     
  0.59139835139947095      -0.12718609157236146     
  0.62002626901608437      -0.13018779759894436     
  0.64940759319751051      -0.13286344153936896     
  0.67959929822452658      -0.13518026591724450     
  0.71066300938115157      -0.13710293281275310     
  0.74266554153381070      -0.13859351787992716     
  0.77567951104961330      -0.13961158176026467     
  0.80978403319500714      -0.14011434794760566     
  0.84506551949185604      -0.14005702409284798     
  0.88161859236318929      -0.13939331325673182     
  0.91954713790703990      -0.13807617265323782     
  0.95896552196289875      -0.13605888978535730     
   1.0000000000000002      -0.13329655879512922     
   1.0427903580444771      -0.12974805198995668     
   1.0874918302460024      -0.12537859021092188     
   1.1342773492554055      -0.12016301673403317     
   1.1833401989958212      -0.11408986574040682     
   1.2348971565350515      -0.10716627771564456     
   1.2891922317850668       -9.9423735330509036E-002
   1.3465011422702096       -9.0924454451825690E-002
   1.4071366974211936       -8.1768041399218047E-002
   1.4714553158199692       -7.2097694954169983E-002
   1.5398649638145827       -6.2104775394536738E-002
   1.6128348909908186       -5.2030000732513348E-002
   1.6909076557850113       -4.2158949794149109E-002
   1.7747140955927678       -3.2809167780244515E-002
   1.8649921184853133       -2.4306387695608528E-002
   1.9626105055051506       -1.6948820601083218E-002
   2.0685993549187929       -1.0961831230305516E-002
   2.1841894364376611       -6.4509110341842051E-003
   2.3108636538824112       -3.3676041742131489E-003
   2.4504251978885159       -1.5071959575038321E-003
   2.6050890646938019       -5.5204163283291722E-004
   2.7776068539149752       -1.5514077998196661E-004
   2.9714398745574431       -3.0539947941003078E-005
   3.1910038804976928       -3.6923417668194022E-006
   3.4420225766692183       -2.2574987448541210E-007
   3.7320508075688767       -5.1942299715606775E-009
   4.0712707129971992       -2.9605660819455577E-011
   4.4737428292115542        8.0939790409993087E-013
   4.9594473584510741       -3.9346420685828464E-013
   5.5577663337511334        1.4914240348030791E-013
   6.3137515146750438       -4.7557355265018690E-014
   7.3001780318985379        1.2991641761942530E-014
   8.6427474610313109       -2.9353006574972024E-015
   10.578894993405637        5.3799124564489277E-016
   13.617408897797487       -7.4553652729310939E-017
   19.081136687728215       -5.9235849266315603E-018
   31.820515953773956        1.3725302177531838E-017
   95.489475171113384        5.5351266065576520E-020
 
 
  -95.489475171114151        2.8567479327867847E-022
  -31.820515953774020        1.0961603511116212E-016
  -19.081136687728222       -1.8428357362562929E-017
  -13.617408897797404       -3.5872700459010857E-016
  -10.578894993405632        1.7799046825060189E-015
  -8.6427474610313055       -1.1549998791681126E-014
  -7.3001780318985325        4.9135965391970387E-014
  -6.3137515146750385       -1.7338981287223665E-013
  -5.5577663337511289        5.1716306961852414E-013
  -4.9594473584510688       -1.2923191728740059E-012
  -4.4737428292115498        2.4750720385898608E-012
  -4.0712707129971948       -9.9574795339633646E-011
  -3.7320508075688799       -1.6924594872821422E-008
  -3.4420225766692205       -7.0650274952598485E-007
  -3.1910038804976888       -1.1096623262696399E-005
  -2.9714398745574400       -8.8108645218040526E-005
  -2.7776068539149756       -4.2952035812043784E-004
  -2.6050890646938019       -1.4661119872867111E-003
  -2.4504251978885159       -3.8380813165543939E-003
  -2.3108636538824077       -8.2187407442933270E-003
  -2.1841894364376602       -1.5080367201137704E-002
  -2.0685993549187920       -2.4531289600243821E-002
  -1.9626105055051501       -3.6285428566792663E-002
  -1.8649921184853129       -4.9744265040200179E-002
  -1.7747140955927685       -6.4133140488234944E-002
  -1.6909076557850105       -7.8637891392138240E-002
  -1.6128348909908177       -9.2510248094545319E-002
  -1.5398649638145820      -0.10513226330608628     
  -1.4714553158199697      -0.11604381362642427     
  -1.4071366974211938      -0.12494301389687965     
  -1.3465011422702085      -0.13166997074331555     
  -1.2891922317850657      -0.13618240589593400     
  -1.2348971565350515      -0.13852910844981434     
  -1.1833401989958212      -0.13882484303384587     
  -1.1342773492554055      -0.13722857464343977     
  -1.0874918302460013      -0.13392568636405117     
  -1.0427903580444768      -0.12911415500816376     
 -0.99999999999999978      -0.12299427615247034     
 -0.95896552196289853      -0.11576137602994445     
 -0.91954713790703979      -0.10760092366014982     
 -0.88161859236318962       -9.8685501828636085E-002
 -0.84506551949185571       -8.9173171208577220E-002
 -0.80978403319500680       -7.9206845620813787E-002
 -0.77567951104961264       -6.8914375812717157E-002
 -0.74266554153381104       -5.8409108779134619E-002
 -0.71066300938115168       -4.7790747594946052E-002
 -0.67959929822452603       -3.7146383378179659E-002
 -0.64940759319750996       -2.6551607456580008E-002
 -0.62002626901608426       -1.6071639768754101E-002
 -0.59139835139947117       -5.7624304863998490E-003
 -0.56347104160796824        4.3282926575686264E-003
 -0.53619529545903266        1.4160047658049067E-002
 -0.50952544949442868        2.3698700486102346E-002
 -0.48341888806170352        3.2915649130640268E-002
 -0.45783574598317162        4.1787088532302133E-002
 -0.43273864224742598        5.0293353119208149E-002
 -0.40809244079830753        5.8418332186168966E-002
 -0.38386403503541555        6.6148952585545109E-002
 -0.36002215309575658        7.3474722867379869E-002
 -0.33653718137202310        8.0387333010830231E-002
 -0.31338100405068520        8.6880304079998361E-002
 -0.29052685673191658        9.2948682472833097E-002
 -0.26794919243112253        9.8588773823828690E-002
 -0.24562355846482550       0.10379791206182784     
 -0.22352648289714913       0.10857425956003770     
 -0.20163536937154192       0.11291663475470282     
 -0.17992839927925944       0.11682436401858651     
 -0.15838444032453600       0.12029715497024641     
 -0.13698296063882870       0.12333498875882490     
 -0.11570394767506863       0.12593802920289035     
  -9.4527831179282110E-002  0.12810654696684221     
  -7.3435409592623749E-002  0.12984085724469563     
  -5.2407779283041217E-002  0.13114126967961623     
  -3.1426266043351130E-002  0.13200804949136841     
  -1.0472358322297141E-002  0.13244138900746480     
   1.0472358322297265E-002  0.13244138900746816     
   3.1426266043351032E-002  0.13200804949137443     
   5.2407779283041342E-002  0.13114126967962902     
   7.3435409592623874E-002  0.12984085724471109     
   9.4527831179282248E-002  0.12810654696686408     
  0.11570394767506877       0.12593802920291433     
  0.13698296063882881       0.12333498875885457     
  0.15838444032453633       0.12029715497027677     
  0.17992839927925955       0.11682436401862048     
  0.20163536937154181       0.11291663475473430     
  0.22352648289714927       0.10857425956006866     
  0.24562355846482567       0.10379791206185436     
  0.26794919243112292        9.8588773823854822E-002
  0.29052685673191647        9.2948682472855509E-002
  0.31338100405068536        8.6880304080021759E-002
  0.33653718137202321        8.0387333010849951E-002
  0.36002215309575669        7.3474722867402031E-002
  0.38386403503541566        6.6148952585564483E-002
  0.40809244079830770        5.8418332186190795E-002
  0.43273864224742592        5.0293353119225767E-002
  0.45783574598317212        4.1787088532320389E-002
  0.48341888806170358        3.2915649130652286E-002
  0.50952544949442891        2.3698700486114731E-002
  0.53619529545903277        1.4160047658055066E-002
  0.56347104160796835        4.3282926575734645E-003
  0.59139835139947095       -5.7624304864031086E-003
  0.62002626901608437       -1.6071639768758431E-002
  0.64940759319751051       -2.6551607456592612E-002
  0.67959929822452658       -3.7146383378194203E-002
  0.71066300938115157       -4.7790747594969707E-002
  0.74266554153381070       -5.8409108779160342E-002
  0.77567951104961330       -6.8914375812753642E-002
  0.80978403319500714       -7.9206845620853408E-002
  0.84506551949185604       -8.9173171208629123E-002
  0.88161859236318929       -9.8685501828691041E-002
  0.91954713790703990      -0.10760092366021722     
  0.95896552196289875      -0.11576137603001188     
   1.0000000000000002      -0.12299427615254785     
   1.0427903580444771      -0.12911415500823747     
   1.0874918302460024      -0.13392568636413324     
   1.1342773492554055      -0.13722857464351690     
   1.1833401989958212      -0.13882484303393067     
   1.2348971565350515      -0.13852910844989122     
   1.2891922317850668      -0.13618240589601971     
   1.3465011422702096      -0.13166997074338974     
   1.4071366974211936      -0.12494301389696492     
   1.4714553158199692      -0.11604381362650530     
   1.5398649638145827      -0.10513226330618559     
   1.6128348909908186       -9.2510248094635192E-002
   1.6909076557850113       -7.8637891392241518E-002
   1.7747140955927678       -6.4133140488312187E-002
   1.8649921184853133       -4.9744265040282731E-002
   1.9626105055051506       -3.6285428566842241E-002
   2.0685993549187929       -2.4531289600299436E-002
   2.1841894364376611       -1.5080367201154056E-002
   2.3108636538824112       -8.2187407443274005E-003
   2.4504251978885159       -3.8380813165367817E-003
   2.6050890646938019       -1.4661119873073862E-003
   2.7776068539149752       -4.2952035808988724E-004
   2.9714398745574431       -8.8108645241062529E-005
   3.1910038804976928       -1.1096623237742525E-005
   3.4420225766692183       -7.0650277790216902E-007
   3.7320508075688767       -1.6924574309492178E-008
   4.0712707129971992       -9.9590458870546003E-011
   4.4737428292115542        2.4871141125435686E-012
   4.9594473584510741       -1.2984990317814773E-012
   5.5577663337511334        5.2127342282851399E-013
   6.3137515146750438       -1.7532944909364790E-013
   7.3001780318985379        5.0410804680742536E-014
   8.6427474610313109       -1.2203083157193100E-014
   10.578894993405637        2.4290701782863671E-015
   13.617408897797487       -3.3088056703498322E-016
   19.081136687728215       -5.6294161208948737E-018
   31.820515953773956       -8.2297545095679731E-017
   95.489475171113384       -2.6176669144124953E-019
 
 
  -95.489475171114151       -1.1893540346119020E-021
  -31.820515953774020        3.3192657675669339E-017
  -19.081136687728222       -3.2290790938787750E-016
  -13.617408897797404        1.3811346073504592E-015
  -10.578894993405632       -8.3905854645455315E-015
  -8.6427474610313055        4.3739093864669325E-014
  -7.3001780318985325       -1.7020558261390755E-013
  -6.3137515146750385        5.6584984172663723E-013
  -5.5577663337511289       -1.5963282088269890E-012
  -4.9594473584510688        3.7327615905775817E-012
  -4.4737428292115498       -6.4774356495389375E-012
  -4.0712707129971948        3.1042333539838018E-010
  -3.7320508075688799        5.0942650813017801E-008
  -3.4420225766692205        2.0294774732081466E-006
  -3.1910038804976888        3.0408617688752880E-005
  -2.9714398745574400        2.3019576485728882E-004
  -2.7776068539149756        1.0691394990670492E-003
  -2.6050890646938019        3.4740830913631707E-003
  -2.4504251978885159        8.6497574439087805E-003
  -2.3108636538824077        1.7597040403134805E-002
  -2.1841894364376602        3.0636585886734291E-002
  -2.0685993549187920        4.7217110664246657E-002
  -1.9626105055051501        6.6055238328114871E-002
  -1.8649921184853129        8.5472372190038531E-002
  -1.7747140955927685       0.10375820685470663     
  -1.6909076557850105       0.11944812182938799     
  -1.6128348909908177       0.13147632023702668     
  -1.5398649638145820       0.13921765084199691     
  -1.4714553158199697       0.14245258268643560     
  -1.4071366974211938       0.14129107283393602     
  -1.3465011422702085       0.13608298115297668     
  -1.2891922317850657       0.12733260111762720     
  -1.2348971565350515       0.11562634869914629     
  -1.1833401989958212       0.10157672108020020     
  -1.1342773492554055        8.5782105537144868E-002
  -1.0874918302460013        6.8800265098429861E-002
  -1.0427903580444768        5.1132719187526141E-002
 -0.99999999999999978        3.3217277340747343E-002
 -0.95896552196289853        1.5426336337692415E-002
 -0.91954713790703979       -1.9309897840578732E-003
 -0.88161859236318962       -1.8604382422871123E-002
 -0.84506551949185571       -3.4396551342565085E-002
 -0.80978403319500680       -4.9156941311699169E-002
 -0.77567951104961264       -6.2775415482932223E-002
 -0.74266554153381104       -7.5176232301617213E-002
 -0.71066300938115168       -8.6312499145230273E-002
 -0.67959929822452603       -9.6161193077120927E-002
 -0.64940759319750996      -0.10471877707476770     
 -0.62002626901608426      -0.11199740035498686     
 -0.59139835139947117      -0.11802164763552907     
 -0.56347104160796824      -0.12282578928434781     
 -0.53619529545903266      -0.12645147883738464     
 -0.50952544949442868      -0.12894584359275402     
 -0.48341888806170352      -0.13035991619568932     
 -0.45783574598317162      -0.13074735895404840     
 -0.43273864224742598      -0.13016343731429805     
 -0.40809244079830753      -0.12866420384583391     
 -0.38386403503541555      -0.12630585895889435     
 -0.36002215309575658      -0.12314425914188629     
 -0.33653718137202310      -0.11923454770489830     
 -0.31338100405068520      -0.11463088674959644     
 -0.29052685673191658      -0.10938627240231898     
 -0.26794919243112253      -0.10355241821095963     
 -0.24562355846482550       -9.7179694098628699E-002
 -0.22352648289714913       -9.0317110378298274E-002
 -0.20163536937154192       -8.3012338147084988E-002
 -0.17992839927925944       -7.5311758892975950E-002
 -0.15838444032453600       -6.7260537437217674E-002
 -0.13698296063882870       -5.8902713397078157E-002
 -0.11570394767506863       -5.0281307252281283E-002
  -9.4527831179282110E-002  -4.1438437824482283E-002
  -7.3435409592623749E-002  -3.2415448588750333E-002
  -5.2407779283041217E-002  -2.3253040714746907E-002
  -3.1426266043351130E-002  -1.3991411130678977E-002
  -1.0472358322297141E-002  -4.6703941963924045E-003
   1.0472358322297265E-002   4.6703941963212540E-003
   3.1426266043351032E-002   1.3991411130603877E-002
   5.2407779283041342E-002   2.3253040714667741E-002
   7.3435409592623874E-002   3.2415448588666525E-002
   9.4527831179282248E-002   4.1438437824389315E-002
  0.11570394767506877        5.0281307252178858E-002
  0.13698296063882881        5.8902713396969238E-002
  0.15838444032453633        6.7260537437104848E-002
  0.17992839927925955        7.5311758892858252E-002
  0.20163536937154181        8.3012338146962919E-002
  0.22352648289714927        9.0317110378171708E-002
  0.24562355846482567        9.7179694098499469E-002
  0.26794919243112292       0.10355241821082711     
  0.29052685673191647       0.10938627240218592     
  0.31338100405068536       0.11463088674946459     
  0.33653718137202321       0.11923454770476861     
  0.36002215309575669       0.12314425914176041     
  0.38386403503541566       0.12630585895877430     
  0.40809244079830770       0.12866420384572086     
  0.43273864224742592       0.13016343731419278     
  0.45783574598317212       0.13074735895394876     
  0.48341888806170358       0.13035991619559648     
  0.50952544949442891       0.12894584359267014     
  0.53619529545903277       0.12645147883731050     
  0.56347104160796835       0.12282578928428438     
  0.59139835139947095       0.11802164763547791     
  0.62002626901608437       0.11199740035494903     
  0.64940759319751051       0.10471877707474679     
  0.67959929822452658        9.6161193077116930E-002
  0.71066300938115157        8.6312499145243082E-002
  0.74266554153381070        7.5176232301646093E-002
  0.77567951104961330        6.2775415482976701E-002
  0.80978403319500714        4.9156941311759191E-002
  0.84506551949185604        3.4396551342643099E-002
  0.88161859236318929        1.8604382422968403E-002
  0.91954713790703990        1.9309897841742324E-003
  0.95896552196289875       -1.5426336337561308E-002
   1.0000000000000002       -3.3217277340601856E-002
   1.0427903580444771       -5.1132719187368676E-002
   1.0874918302460024       -6.8800265098265756E-002
   1.1342773492554055       -8.5782105536980971E-002
   1.1833401989958212      -0.10157672108003959     
   1.2348971565350515      -0.11562634869899460     
   1.2891922317850668      -0.12733260111749214     
   1.3465011422702096      -0.13608298115286296     
   1.4071366974211936      -0.14129107283384226     
   1.4714553158199692      -0.14245258268636904     
   1.5398649638145827      -0.13921765084195883     
   1.6128348909908186      -0.13147632023701467     
   1.6909076557850113      -0.11944812182939415     
   1.7747140955927678      -0.10375820685472345     
   1.8649921184853133       -8.5472372190053547E-002
   1.9626105055051506       -6.6055238328127722E-002
   2.0685993549187929       -4.7217110664253603E-002
   2.1841894364376611       -3.0636585886745282E-002
   2.3108636538824112       -1.7597040403145910E-002
   2.4504251978885159       -8.6497574439238813E-003
   2.6050890646938019       -3.4740830913635337E-003
   2.7776068539149752       -1.0691394990652921E-003
   2.9714398745574431       -2.3019576485635337E-004
   3.1910038804976928       -3.0408617686990844E-005
   3.4420225766692183       -2.0294774717240500E-006
   3.7320508075688767       -5.0942653444868143E-008
   4.0712707129971992       -3.1042249888194548E-010
   4.4737428292115542        6.4758624393463007E-012
   4.9594473584510741       -3.7315599780840834E-012
   5.5577663337511334        1.5958889311711353E-012
   6.3137515146750438       -5.6527788311576623E-013
   7.3001780318985379        1.7034581595216453E-013
   8.6427474610313109       -4.3213855311552164E-014
   10.578894993405637        8.7073579375206125E-015
   13.617408897797487       -1.3200989712253407E-015
   19.081136687728215        7.4711349375227144E-017
   31.820515953773956       -9.4410444576914270E-017
   95.489475171113384       -2.4514844798136745E-020
 
 
  -95.489475171114151        4.0942420650105488E-021
  -31.820515953774020       -9.4331473546041729E-017
  -19.081136687728222        5.0731715401058053E-016
  -13.617408897797404       -4.2769459442386145E-015
  -10.578894993405632        2.7636773777912182E-014
  -8.6427474610313055       -1.3318900353702681E-013
  -7.3001780318985325        5.0082660382055374E-013
  -6.3137515146750385       -1.5861440790839032E-012
  -5.5577663337511289        4.2304758634186955E-012
  -4.9594473584510688       -9.1370658409481702E-012
  -4.4737428292115498        1.3536514549663278E-011
  -4.0712707129971948       -8.9380983395283849E-010
  -3.7320508075688799       -1.4124597668158095E-007
  -3.4420225766692205       -5.3409929034387601E-006
  -3.1910038804976888       -7.5908085391316745E-005
  -2.9714398745574400       -5.4452182222993655E-004
  -2.7776068539149756       -2.3937044097587607E-003
  -2.6050890646938019       -7.3516261242875629E-003
  -2.4504251978885159       -1.7271002586410338E-002
  -2.3108636538824077       -3.3085037036780271E-002
  -2.1841894364376602       -5.4103354804429550E-002
  -2.0685993549187920       -7.8080310308777282E-002
  -1.9626105055051501      -0.10189551062767384     
  -1.8649921184853129      -0.12240688813925338     
  -1.7747140955927685      -0.13711757656658741     
  -1.6909076557850105      -0.14451340861199274     
  -1.6128348909908177      -0.14409945018946066     
  -1.5398649638145820      -0.13624027642248412     
  -1.4714553158199697      -0.12191287530878038     
  -1.4071366974211938      -0.10245196100080141     
  -1.3465011422702085       -7.9332745669794688E-002
  -1.2891922317850657       -5.4008718118118255E-002
  -1.2348971565350515       -2.7804688306263165E-002
  -1.1833401989958212       -1.8566735663749559E-003
  -1.1342773492554055        2.2912706784628568E-002
  -1.0874918302460013        4.5794326799264491E-002
  -1.0427903580444768        6.6277333381750986E-002
 -0.99999999999999978        8.4025596337124128E-002
 -0.95896552196289853        9.8850751038463164E-002
 -0.91954713790703979       0.11068505865031388     
 -0.88161859236318962       0.11955602334864070     
 -0.84506551949185571       0.12556379193333067     
 -0.80978403319500680       0.12886174725445868     
 -0.77567951104961264       0.12964031891593467     
 -0.74266554153381104       0.12811380804830028     
 -0.71066300938115168       0.12450990612844276     
 -0.67959929822452603       0.11906154243781339     
 -0.64940759319750996       0.11200069327613231     
 -0.62002626901608426       0.10355380968515131     
 -0.59139835139947117        9.3938556635124321E-002
 -0.56347104160796824        8.3361597550956720E-002
 -0.53619529545903266        7.2017198843669097E-002
 -0.50952544949442868        6.0086467189562287E-002
 -0.48341888806170352        4.7737066263346527E-002
 -0.45783574598317162        3.5123289119206889E-002
 -0.43273864224742598        2.2386387376673898E-002
 -0.40809244079830753        9.6550792194446539E-003
 -0.38386403503541555       -2.9538246827289141E-003
 -0.36002215309575658       -1.5334724284114318E-002
 -0.33653718137202310       -2.7392498091323249E-002
 -0.31338100405068520       -3.9041762764336345E-002
 -0.29052685673191658       -5.0206144229188239E-002
 -0.26794919243112253       -6.0817574624453134E-002
 -0.24562355846482550       -7.0815625163230422E-002
 -0.22352648289714913       -8.0146881719249538E-002
 -0.20163536937154192       -8.8764367499889862E-002
 -0.17992839927925944       -9.6627015328926660E-002
 -0.15838444032453600      -0.10369919074699219     
 -0.13698296063882870      -0.10995026619195021     
 -0.11570394767506863      -0.11535424590294802     
  -9.4527831179282110E-002 -0.11988944079193971     
  -7.3435409592623749E-002 -0.12353819232649417     
  -5.2407779283041217E-002 -0.12628664439278423     
  -3.1426266043351130E-002 -0.12812456215119461     
  -1.0472358322297141E-002 -0.12904519700860120     
   1.0472358322297265E-002 -0.12904519700860317     
   3.1426266043351032E-002 -0.12812456215119711     
   5.2407779283041342E-002 -0.12628664439279069     
   7.3435409592623874E-002 -0.12353819232650115     
   9.4527831179282248E-002 -0.11988944079195253     
  0.11570394767506877      -0.11535424590296384     
  0.13698296063882881      -0.10995026619197266     
  0.15838444032453633      -0.10369919074701789     
  0.17992839927925955       -9.6627015328960772E-002
  0.20163536937154181       -8.8764367499928429E-002
  0.22352648289714927       -8.0146881719295834E-002
  0.24562355846482567       -7.0815625163279161E-002
  0.26794919243112292       -6.0817574624507237E-002
  0.29052685673191647       -5.0206144229243785E-002
  0.31338100405068536       -3.9041762764395457E-002
  0.33653718137202321       -2.7392498091383610E-002
  0.36002215309575669       -1.5334724284179551E-002
  0.38386403503541566       -2.9538246827942732E-003
  0.40809244079830770        9.6550792193756136E-003
  0.43273864224742592        2.2386387376607898E-002
  0.45783574598317212        3.5123289119141067E-002
  0.48341888806170358        4.7737066263286582E-002
  0.50952544949442891        6.0086467189505416E-002
  0.53619529545903277        7.2017198843619748E-002
  0.56347104160796835        8.3361597550914004E-002
  0.59139835139947095        9.3938556635094636E-002
  0.62002626901608437       0.10355380968513009     
  0.64940759319751051       0.11200069327612500     
  0.67959929822452658       0.11906154243781432     
  0.71066300938115157       0.12450990612845605     
  0.74266554153381070       0.12811380804832068     
  0.77567951104961330       0.12964031891596739     
  0.80978403319500714       0.12886174725449659     
  0.84506551949185604       0.12556379193338263     
  0.88161859236318929       0.11955602334870120     
  0.91954713790703990       0.11068505865038940     
  0.95896552196289875        9.8850751038544155E-002
   1.0000000000000002        8.4025596337215736E-002
   1.0427903580444771        6.6277333381840969E-002
   1.0874918302460024        4.5794326799357243E-002
   1.1342773492554055        2.2912706784710874E-002
   1.1833401989958212       -1.8566735662947193E-003
   1.2348971565350515       -2.7804688306195893E-002
   1.2891922317850668       -5.4008718118055729E-002
   1.3465011422702096       -7.9332745669753069E-002
   1.4071366974211936      -0.10245196100076373     
   1.4714553158199692      -0.12191287530876153     
   1.5398649638145827      -0.13624027642246905     
   1.6128348909908186      -0.14409945018946219     
   1.6909076557850113      -0.14451340861199766     
   1.7747140955927678      -0.13711757656662069     
   1.8649921184853133      -0.12240688813928348     
   1.9626105055051506      -0.10189551062772365     
   2.0685993549187929       -7.8080310308806772E-002
   2.1841894364376611       -5.4103354804467207E-002
   2.3108636538824112       -3.3085037036794281E-002
   2.4504251978885159       -1.7271002586454854E-002
   2.6050890646938019       -7.3516261242857171E-003
   2.7776068539149752       -2.3937044097778076E-003
   2.9714398745574431       -5.4452182221182300E-004
   3.1910038804976928       -7.5908085405096805E-005
   3.4420225766692183       -5.3409928823056209E-006
   3.7320508075688767       -1.4124599122063672E-007
   4.0712707129971992       -8.9379990206917671E-010
   4.4737428292115542        1.3530022804645683E-011
   4.9594473584510741       -9.1324574735390159E-012
   5.5577663337511334        4.2284237412607238E-012
   6.3137515146750438       -1.5847599642960535E-012
   7.3001780318985379        5.0014225302102658E-013
   8.6427474610313109       -1.3203827621181869E-013
   10.578894993405637        2.7823652616991146E-014
   13.617408897797487       -4.1430756872613805E-015
   19.081136687728215        3.7184660537313356E-016
   31.820515953773956       -1.3254805120732236E-019
   95.489475171113384       -1.2368232089972773E-019
 
 
  -95.489475171114151       -1.2357748287287421E-020
  -31.820515953774020        3.7598213005715429E-018
  -19.081136687728222       -8.5059933239316583E-016
  -13.617408897797404        1.2131740608871778E-014
  -10.578894993405632       -7.8154867372902225E-014
  -8.6427474610313055        3.5822440534488849E-013
  -7.3001780318985325       -1.3024889559555758E-012
  -6.3137515146750385        3.9200620902238881E-012
  -5.5577663337511289       -9.7466670095009678E-012
  -4.9594473584510688        1.8714050555217800E-011
  -4.4737428292115498       -1.9781431654258600E-011
  -4.0712707129971948        2.4313431869494157E-009
  -3.7320508075688799        3.6876074866246356E-007
  -3.4420225766692205        1.3171092912250909E-005
  -3.1910038804976888        1.7663265929108760E-004
  -2.9714398745574400        1.1938228131036276E-003
  -2.7776068539149756        4.9356879854503622E-003
  -2.6050890646938019        1.4224356326744254E-002
  -2.4504251978885159        3.1268806681535179E-002
  -2.3108636538824077        5.5849246908371487E-002
  -2.1841894364376602        8.4763897637237864E-002
  -2.0685993549187920       0.11285742244447029     
  -1.9626105055051501       0.13479441991570795     
  -1.8649921184853129       0.14657636440430891     
  -1.7747140955927685       0.14629185073325437     
  -1.6909076557850105       0.13411314990673667     
  -1.6128348909908177       0.11181666259285329     
  -1.5398649638145820        8.2131041450229869E-002
  -1.4714553158199697        4.8126774275718556E-002
  -1.4071366974211938        1.2752698234884700E-002
  -1.3465011422702085       -2.1456264486098560E-002
  -1.2891922317850657       -5.2521350437777177E-002
  -1.2348971565350515       -7.9050993897443814E-002
  -1.1833401989958212      -0.10020035220651936     
  -1.1342773492554055      -0.11559210335910210     
  -1.0874918302460013      -0.12522222272823127     
  -1.0427903580444768      -0.12936606214891155     
 -0.99999999999999978      -0.12849345890505146     
 -0.95896552196289853      -0.12319693993500816     
 -0.91954713790703979      -0.11413407330609966     
 -0.88161859236318962      -0.10198325585882891     
 -0.84506551949185571       -8.7411326759662289E-002
 -0.80978403319500680       -7.1051057294457223E-002
 -0.77567951104961264       -5.3486558265838376E-002
 -0.74266554153381104       -3.5244817326546350E-002
 -0.71066300938115168       -1.6791827091378848E-002
 -0.67959929822452603        1.4679653277382423E-003
 -0.64940759319750996        1.9189901878313733E-002
 -0.62002626901608426        3.6085837805121639E-002
 -0.59139835139947117        5.1919943883763094E-002
 -0.56347104160796824        6.6504027343634281E-002
 -0.53619529545903266        7.9692688884828500E-002
 -0.50952544949442868        9.1378536151227929E-002
 -0.48341888806170352       0.10148760118878652     
 -0.45783574598317162       0.10997505387416591     
 -0.43273864224742598       0.11682126363448288     
 -0.40809244079830753       0.12202823233350761     
 -0.38386403503541555       0.12561640161189602     
 -0.36002215309575658       0.12762182382283624     
 -0.33653718137202310       0.12809367750794357     
 -0.31338100405068520       0.12709210264144702     
 -0.29052685673191658       0.12468632872768115     
 -0.26794919243112253       0.12095306744594901     
 -0.24562355846482550       0.11597514234246520     
 -0.22352648289714913       0.10984032867209735     
 -0.20163536937154192       0.10264037852636665     
 -0.17992839927925944        9.4470207718430982E-002
 -0.15838444032453600        8.5427223252789092E-002
 -0.13698296063882870        7.5610771626752102E-002
 -0.11570394767506863        6.5121690446403535E-002
  -9.4527831179282110E-002   5.4061947038317071E-002
  -7.3435409592623749E-002   4.2534349655849957E-002
  -5.2407779283041217E-002   3.0642317729024458E-002
  -3.1426266043351130E-002   1.8489699134888425E-002
  -1.0472358322297141E-002   6.1806229255748713E-003
   1.0472358322297265E-002  -6.1806229255288586E-003
   3.1426266043351032E-002  -1.8489699134840287E-002
   5.2407779283041342E-002  -3.0642317728974720E-002
   7.3435409592623874E-002  -4.2534349655798789E-002
   9.4527831179282248E-002  -5.4061947038262746E-002
  0.11570394767506877       -6.5121690446345928E-002
  0.13698296063882881       -7.5610771626692871E-002
  0.15838444032453633       -8.5427223252729639E-002
  0.17992839927925955       -9.4470207718370100E-002
  0.20163536937154181      -0.10264037852630500     
  0.22352648289714927      -0.10984032867203518     
  0.24562355846482567      -0.11597514234240291     
  0.26794919243112292      -0.12095306744588642     
  0.29052685673191647      -0.12468632872761830     
  0.31338100405068536      -0.12709210264138365     
  0.33653718137202321      -0.12809367750788109     
  0.36002215309575669      -0.12762182382277606     
  0.38386403503541566      -0.12561640161183979     
  0.40809244079830770      -0.12202823233345658     
  0.43273864224742592      -0.11682126363443647     
  0.45783574598317212      -0.10997505387412372     
  0.48341888806170358      -0.10148760118874842     
  0.50952544949442891       -9.1378536151195469E-002
  0.53619529545903277       -7.9692688884802215E-002
  0.56347104160796835       -6.6504027343613020E-002
  0.59139835139947095       -5.1919943883749042E-002
  0.62002626901608437       -3.6085837805115872E-002
  0.64940759319751051       -1.9189901878318864E-002
  0.67959929822452658       -1.4679653277527818E-003
  0.71066300938115157        1.6791827091354340E-002
  0.74266554153381070        3.5244817326512051E-002
  0.77567951104961330        5.3486558265794307E-002
  0.80978403319500714        7.1051057294402628E-002
  0.84506551949185604        8.7411326759599964E-002
  0.88161859236318929       0.10198325585876013     
  0.91954713790703990       0.11413407330602592     
  0.95896552196289875       0.12319693993493296     
   1.0000000000000002       0.12849345890497788     
   1.0427903580444771       0.12936606214884000     
   1.0874918302460024       0.12522222272816752     
   1.1342773492554055       0.11559210335904825     
   1.1833401989958212       0.10020035220648055     
   1.2348971565350515        7.9050993897423469E-002
   1.2891922317850668        5.2521350437780147E-002
   1.3465011422702096        2.1456264486124737E-002
   1.4071366974211936       -1.2752698234830969E-002
   1.4714553158199692       -4.8126774275640126E-002
   1.5398649638145827       -8.2131041450126160E-002
   1.6128348909908186      -0.11181666259272696     
   1.6909076557850113      -0.13411314990660272     
   1.7747140955927678      -0.14629185073313303     
   1.8649921184853133      -0.14657636440420976     
   1.9626105055051506      -0.13479441991564461     
   2.0685993549187929      -0.11285742244442717     
   2.1841894364376611       -8.4763897637207028E-002
   2.3108636538824112       -5.5849246908348436E-002
   2.4504251978885159       -3.1268806681526720E-002
   2.6050890646938019       -1.4224356326736831E-002
   2.7776068539149752       -4.9356879854467826E-003
   2.9714398745574431       -1.1938228130919709E-003
   3.1910038804976928       -1.7663265928663020E-004
   3.4420225766692183       -1.3171092905822804E-005
   3.7320508075688767       -3.6876075159633163E-007
   4.0712707129971992       -2.4313432703656402E-009
   4.4737428292115542        1.9782188186743185E-011
   4.9594473584510741       -1.8715088637319742E-011
   5.5577663337511334        9.7470623814292985E-012
   6.3137515146750438       -3.9200610606284154E-012
   7.3001780318985379        1.3024781210006575E-012
   8.6427474610313109       -3.5826439124534920E-013
   10.578894993405637        7.8041968275044635E-014
   13.617408897797487       -1.2112256723837757E-014
   19.081136687728215        1.0557355204809992E-015
   31.820515953773956        5.6106649057553313E-017
   95.489475171113384       -1.3679793078227788E-020
 
 
  -95.489475171114151        3.1088124637944940E-020
  -31.820515953774020        1.0409724168668295E-017
  -19.081136687728222        2.3817495864269805E-015
  -13.617408897797404       -2.9357180708993071E-014
  -10.578894993405632        1.8528890660199262E-013
  -8.6427474610313055       -8.2154148650781140E-013
  -7.3001780318985325        2.8606962340990659E-012
  -6.3137515146750385       -8.0788783783788041E-012
  -5.5577663337511289        1.8049082289385307E-011
  -4.9594473584510688       -2.7131204335703747E-011
  -4.4737428292115498       -1.3514858217676780E-012
  -4.0712707129971948       -6.2963542219107126E-009
  -3.7320508075688799       -9.1351792407629673E-007
  -3.4420225766692205       -3.0679823277980933E-005
  -3.1910038804976888       -3.8628916508292438E-004
  -2.9714398745574400       -2.4461058657758001E-003
  -2.7776068539149756       -9.4495991252147252E-003
  -2.6050890646938019       -2.5358910209728077E-002
  -2.4504251978885159       -5.1675486313993893E-002
  -2.3108636538824077       -8.5046644633319263E-002
  -2.1841894364376602      -0.11796243391711797     
  -2.0685993549187920      -0.14186526165132560     
  -1.9626105055051501      -0.15039520025190542     
  -1.8649921184853129      -0.14113419611223962     
  -1.7747140955927685      -0.11559332008496652     
  -1.6909076557850105       -7.8064714214383116E-002
  -1.6128348909908177       -3.4122661145739822E-002
  -1.5398649638145820        1.0677885977086941E-002
  -1.4714553158199697        5.1667783368117608E-002
  -1.4071366974211938        8.5483147213885821E-002
  -1.3465011422702085       0.11013762758208036     
  -1.2891922317850657       0.12487551348377629     
  -1.2348971565350515       0.12991731584171240     
  -1.1833401989958212       0.12617753768640602     
  -1.1342773492554055       0.11500286568654655     
  -1.0874918302460013        9.7954485596018798E-002
  -1.0427903580444768        7.6641776966739197E-002
 -0.99999999999999978        5.2605005464939833E-002
 -0.95896552196289853        2.7239910141665314E-002
 -0.91954713790703979        1.7554970229550645E-003
 -0.88161859236318962       -2.2843434406822426E-002
 -0.84506551949185571       -4.5756419083603186E-002
 -0.80978403319500680       -6.6376092988416596E-002
 -0.77567951104961264       -8.4270192363471205E-002
 -0.74266554153381104       -9.9160145158140631E-002
 -0.71066300938115168      -0.11089860336357844     
 -0.67959929822452603      -0.11944747073267892     
 -0.64940759319750996      -0.12485738825937238     
 -0.62002626901608426      -0.12724920838218537     
 -0.59139835139947117      -0.12679769130700660     
 -0.56347104160796824      -0.12371745521280691     
 -0.53619529545903266      -0.11825108686585914     
 -0.50952544949442868      -0.11065924358804266     
 -0.48341888806170352      -0.10121254118496058     
 -0.45783574598317162       -9.0185008188435264E-002
 -0.43273864224742598       -7.7848890691244510E-002
 -0.40809244079830753       -6.4470603435854493E-002
 -0.38386403503541555       -5.0307641506020462E-002
 -0.36002215309575658       -3.5606286154480610E-002
 -0.33653718137202310       -2.0599959670608032E-002
 -0.31338100405068520       -5.5081032153520984E-003
 -0.29052685673191658        9.4645293670558399E-003
 -0.26794919243112253        2.4128252825050465E-002
 -0.24562355846482550        3.8308582637309324E-002
 -0.22352648289714913        5.1846181549963795E-002
 -0.20163536937154192        6.4596672526924692E-002
 -0.17992839927925944        7.6430361210925071E-002
 -0.15838444032453600        8.7231902644318446E-002
 -0.13698296063882870        9.6899940732192089E-002
 -0.11570394767506863       0.10534674304617742     
  -9.4527831179282110E-002  0.11249784926653550     
  -7.3435409592623749E-002  0.11829174748553688     
  -5.2407779283041217E-002  0.12267958966674684     
  -3.1426266043351130E-002  0.12562495474398191     
  -1.0472358322297141E-002  0.12710366580327745     
   1.0472358322297265E-002  0.12710366580327634     
   3.1426266043351032E-002  0.12562495474397570     
   5.2407779283041342E-002  0.12267958966673816     
   7.3435409592623874E-002  0.11829174748552269     
   9.4527831179282248E-002  0.11249784926652065     
  0.11570394767506877       0.10534674304615935     
  0.13698296063882881        9.6899940732173617E-002
  0.15838444032453633        8.7231902644296769E-002
  0.17992839927925955        7.6430361210904699E-002
  0.20163536937154181        6.4596672526902377E-002
  0.22352648289714927        5.1846181549943055E-002
  0.24562355846482567        3.8308582637286676E-002
  0.26794919243112292        2.4128252825029981E-002
  0.29052685673191647        9.4645293670338384E-003
  0.31338100405068536       -5.5081032153727946E-003
  0.33653718137202321       -2.0599959670628123E-002
  0.36002215309575669       -3.5606286154497055E-002
  0.38386403503541566       -5.0307641506036303E-002
  0.40809244079830770       -6.4470603435865498E-002
  0.43273864224742592       -7.7848890691252448E-002
  0.45783574598317212       -9.0185008188435570E-002
  0.48341888806170358      -0.10121254118495600     
  0.50952544949442891      -0.11065924358803081     
  0.53619529545903277      -0.11825108686584229     
  0.56347104160796835      -0.12371745521278271     
  0.59139835139947095      -0.12679769130698071     
  0.62002626901608437      -0.12724920838215376     
  0.64940759319751051      -0.12485738825934047     
  0.67959929822452658      -0.11944747073264009     
  0.71066300938115157      -0.11089860336353663     
  0.74266554153381070       -9.9160145158093488E-002
  0.77567951104961330       -8.4270192363423632E-002
  0.80978403319500714       -6.6376092988365332E-002
  0.84506551949185604       -4.5756419083556092E-002
  0.88161859236318929       -2.2843434406777139E-002
  0.91954713790703990        1.7554970229910914E-003
  0.95896552196289875        2.7239910141693961E-002
   1.0000000000000002        5.2605005464956479E-002
   1.0427903580444771        7.6641776966748135E-002
   1.0874918302460024        9.7954485596015009E-002
   1.1342773492554055       0.11500286568653710     
   1.1833401989958212       0.12617753768638573     
   1.2348971565350515       0.12991731584169028     
   1.2891922317850668       0.12487551348374813     
   1.3465011422702096       0.11013762758205398     
   1.4071366974211936        8.5483147213852903E-002
   1.4714553158199692        5.1667783368090553E-002
   1.5398649638145827        1.0677885977058958E-002
   1.6128348909908186       -3.4122661145753540E-002
   1.6909076557850113       -7.8064714214387793E-002
   1.7747140955927678      -0.11559332008494963     
   1.8649921184853133      -0.14113419611222117     
   1.9626105055051506      -0.15039520025188033     
   2.0685993549187929      -0.14186526165131000     
   2.1841894364376611      -0.11796243391709242     
   2.3108636538824112       -8.5046644633306051E-002
   2.4504251978885159       -5.1675486313965895E-002
   2.6050890646938019       -2.5358910209728844E-002
   2.7776068539149752       -9.4495991252045823E-003
   2.9714398745574431       -2.4461058657843852E-003
   3.1910038804976928       -3.8628916506886456E-004
   3.4420225766692183       -3.0679823287591118E-005
   3.7320508075688767       -9.1351791295957174E-007
   4.0712707129971992       -6.2963607086800766E-009
   4.4737428292115542       -1.3468081809774823E-012
   4.9594473584510741       -2.7135156776461010E-011
   5.5577663337511334        1.8050266279966364E-011
   6.3137515146750438       -8.0794728392463327E-012
   7.3001780318985379        2.8611434075841593E-012
   8.6427474610313109       -8.2246421207629765E-013
   10.578894993405637        1.8494611967754787E-013
   13.617408897797487       -2.9346555598775944E-014
   19.081136687728215        2.6098827249698829E-015
   31.820515953773956       -5.3467418680345936E-017
   95.489475171113384        6.8229170834112910E-019
 
 
  -95.489475171114151        7.1945286905870677E-020
  -31.820515953774020       -1.9111929421945013E-016
  -19.081136687728222        6.0574926326998221E-015
  -13.617408897797404       -6.4869447924612455E-014
  -10.578894993405632        3.9608443769585773E-013
  -8.6427474610313055       -1.6808572877396326E-012
  -7.3001780318985325        5.4747447142949989E-012
  -6.3137515146750385       -1.3885441982722973E-011
  -5.5577663337511289        2.4707514979599789E-011
  -4.9594473584510688       -1.1545897342485735E-011
  -4.4737428292115498       -1.3084731430392602E-010
  -4.0712707129971948       -1.5672823538214923E-008
  -3.7320508075688799       -2.1618664594839607E-006
  -3.4420225766692205       -6.7973784848069085E-005
  -3.1910038804976888       -7.9958960308872161E-004
  -2.9714398745574400       -4.7166112894490289E-003
  -2.7776068539149756       -1.6908549928923301E-002
  -2.6050890646938019       -4.1892354885440915E-002
  -2.4504251978885159       -7.8259777797022437E-002
  -2.3108636538824077      -0.11689571333010403     
  -2.1841894364376602      -0.14495513089485776     
  -2.0685993549187920      -0.15211542100481459     
  -1.9626105055051501      -0.13469971121091898     
  -1.8649921184853129       -9.6067664419326362E-002
  -1.7747140955927685       -4.4313480638145497E-002
  -1.6909076557850105        1.0865276797558852E-002
  -1.6128348909908177        6.0752384834612781E-002
  -1.5398649638145820        9.9100927720099416E-002
  -1.4714553158199697       0.12257889767932269     
  -1.4071366974211938       0.13049644682148975     
  -1.3465011422702085       0.12416888877498662     
  -1.2891922317850657       0.10618686357288412     
  -1.2348971565350515        7.9757823219088655E-002
  -1.1833401989958212        4.8193572159889279E-002
  -1.1342773492554055        1.4559100380361133E-002
  -1.0874918302460013       -1.8534675762597357E-002
  -1.0427903580444768       -4.9025070422170636E-002
 -0.99999999999999978       -7.5411401608241002E-002
 -0.95896552196289853       -9.6717137934708347E-002
 -0.91954713790703979      -0.11242307510529326     
 -0.88161859236318962      -0.12238793925926769     
 -0.84506551949185571      -0.12676742498216120     
 -0.80978403319500680      -0.12593841720219751     
 -0.77567951104961264      -0.12043205429002264     
 -0.74266554153381104      -0.11087714351034204     
 -0.71066300938115168       -9.7954076561302436E-002
 -0.67959929822452603       -8.2358565060479449E-002
 -0.64940759319750996       -6.4774098236208985E-002
 -0.62002626901608426       -4.5851845456858178E-002
 -0.59139835139947117       -2.6196727084363367E-002
 -0.56347104160796824       -6.3584533440239482E-003
 -0.53619529545903266        1.3173528007926063E-002
 -0.50952544949442868        3.1972091949071517E-002
 -0.48341888806170352        4.9672262959211802E-002
 -0.45783574598317162        6.5969434389643228E-002
 -0.43273864224742598        8.0616474941048941E-002
 -0.40809244079830753        9.3420116631569600E-002
 -0.38386403503541555       0.10423692203126428     
 -0.36002215309575658       0.11296906103131212     
 -0.33653718137202310       0.11956006121547386     
 -0.31338100405068520       0.12399065425976283     
 -0.29052685673191658       0.12627479726601379     
 -0.26794919243112253       0.12645592461196781     
 -0.24562355846482550       0.12460345793773427     
 -0.22352648289714913       0.12080959064508895     
 -0.20163536937154192       0.11518634539709115     
 -0.17992839927925944       0.10786289939228787     
 -0.15838444032453600        9.8983160512566018E-002
 -0.13698296063882870        8.8703578171676567E-002
 -0.11570394767506863        7.7191164657833516E-002
  -9.4527831179282110E-002   6.4621705936272145E-002
  -7.3435409592623749E-002   5.1178134837137595E-002
  -5.2407779283041217E-002   3.7049043932575798E-002
  -3.1426266043351130E-002   2.2427310337253592E-002
  -1.0472358322297141E-002   7.5088095171452892E-003
   1.0472358322297265E-002  -7.5088095172145524E-003
   3.1426266043351032E-002  -2.2427310337318873E-002
   5.2407779283041342E-002  -3.7049043932636659E-002
   7.3435409592623874E-002  -5.1178134837192961E-002
   9.4527831179282248E-002  -6.4621705936320439E-002
  0.11570394767506877       -7.7191164657873623E-002
  0.13698296063882881       -8.8703578171708999E-002
  0.15838444032453633       -9.8983160512590984E-002
  0.17992839927925955      -0.10786289939230510     
  0.20163536937154181      -0.11518634539710101     
  0.22352648289714927      -0.12080959064509013     
  0.24562355846482567      -0.12460345793772792     
  0.26794919243112292      -0.12645592461195360     
  0.29052685673191647      -0.12627479726599189     
  0.31338100405068536      -0.12399065425973176     
  0.33653718137202321      -0.11956006121543569     
  0.36002215309575669      -0.11296906103126839     
  0.38386403503541566      -0.10423692203121526     
  0.40809244079830770       -9.3420116631517724E-002
  0.43273864224742592       -8.0616474940994345E-002
  0.45783574598317212       -6.5969434389585260E-002
  0.48341888806170358       -4.9672262959149907E-002
  0.50952544949442891       -3.1972091949007804E-002
  0.53619529545903277       -1.3173528007863776E-002
  0.56347104160796835        6.3584533440857295E-003
  0.59139835139947095        2.6196727084424044E-002
  0.62002626901608437        4.5851845456915237E-002
  0.64940759319751051        6.4774098236261068E-002
  0.67959929822452658        8.2358565060525898E-002
  0.71066300938115157        9.7954076561340711E-002
  0.74266554153381070       0.11087714351037309     
  0.77567951104961330       0.12043205429004475     
  0.80978403319500714       0.12593841720221050     
  0.84506551949185604       0.12676742498216798     
  0.88161859236318929       0.12238793925927016     
  0.91954713790703990       0.11242307510529394     
  0.95896552196289875        9.6717137934708347E-002
   1.0000000000000002        7.5411401608240516E-002
   1.0427903580444771        4.9025070422169734E-002
   1.0874918302460024        1.8534675762596577E-002
   1.1342773492554055       -1.4559100380364339E-002
   1.1833401989958212       -4.8193572159894289E-002
   1.2348971565350515       -7.9757823219094678E-002
   1.2891922317850668      -0.10618686357288948     
   1.3465011422702096      -0.12416888877499416     
   1.4071366974211936      -0.13049644682148889     
   1.4714553158199692      -0.12257889767931521     
   1.5398649638145827       -9.9100927720078918E-002
   1.6128348909908186       -6.0752384834577774E-002
   1.6909076557850113       -1.0865276797516419E-002
   1.7747140955927678        4.4313480638185465E-002
   1.8649921184853133        9.6067664419364582E-002
   1.9626105055051506       0.13469971121095439     
   2.0685993549187929       0.15211542100485206     
   2.1841894364376611       0.14495513089489151     
   2.3108636538824112       0.11689571333013596     
   2.4504251978885159        7.8259777797040728E-002
   2.6050890646938019        4.1892354885455799E-002
   2.7776068539149752        1.6908549928935677E-002
   2.9714398745574431        4.7166112894634869E-003
   3.1910038804976928        7.9958960309554341E-004
   3.4420225766692183        6.7973784853554212E-005
   3.7320508075688767        2.1618664481115600E-006
   4.0712707129971992        1.5672822520411958E-008
   4.4737428292115542        1.3084983805626756E-010
   4.9594473584510741        1.1545959558347891E-011
   5.5577663337511334       -2.4706404576292273E-011
   6.3137515146750438        1.3885130038503957E-011
   7.3001780318985379       -5.4750707350540302E-012
   8.6427474610313109        1.6810251674902962E-012
   10.578894993405637       -3.9571382771309018E-013
   13.617408897797487        6.4901033392506052E-014
   19.081136687728215       -5.9078529009565382E-015
   31.820515953773956        2.0257808077106100E-016
   95.489475171113384        3.6765036898557061E-019
 
 
  -95.489475171114151       -1.3003563197540958E-019
  -31.820515953774020        3.5854367163228203E-016
  -19.081136687728222       -1.0606772146365079E-014
  -13.617408897797404        1.1079605222378142E-013
  -10.578894993405632       -6.4477707542696185E-013
  -8.6427474610313055        2.5370789668188220E-012
  -7.3001780318985325       -7.2063750519508924E-012
  -6.3137515146750385        1.3283715599730815E-011
  -5.5577663337511289       -4.6664984664633792E-013
  -4.9594473584510688       -1.2023724520517537E-010
  -4.4737428292115498        6.1801131726476394E-010
  -4.0712707129971948        3.7650870667239546E-008
  -3.7320508075688799        4.9087408331546092E-006
  -3.4420225766692205        1.4388354239568750E-004
  -3.1910038804976888        1.5733896173856980E-003
  -2.9714398745574400        8.5938825271446601E-003
  -2.7776068539149756        2.8374421242049138E-002
  -2.6050890646938019        6.4260908301432274E-002
  -2.4504251978885159       0.10853080692657587     
  -2.3108636538824077       0.14406477280793878     
  -2.1841894364376602       0.15417221804026132     
  -2.0685993549187920       0.13175793033936764     
  -1.9626105055051501        8.1751032765879764E-002
  -1.8649921184853129        1.7338606371206929E-002
  -1.7747140955927685       -4.6087285291094897E-002
  -1.6909076557850105       -9.5893315509667967E-002
  -1.6128348909908177      -0.12469813445588197     
  -1.5398649638145820      -0.13060001920814310     
  -1.4714553158199697      -0.11601494745915480     
  -1.4071366974211938       -8.6004034646825489E-002
  -1.3465011422702085       -4.6688570107319118E-002
  -1.2891922317850657       -4.0445466219546158E-003
  -1.2348971565350515        3.6854117004454234E-002
  -1.1833401989958212        7.2198369523586575E-002
  -1.1342773492554055        9.9515782146180065E-002
  -1.0874918302460013       0.11755727464750620     
  -1.0427903580444768       0.12608648404928208     
 -0.99999999999999978       0.12563502950109576     
 -0.95896552196289853       0.11726410297433128     
 -0.91954713790703979       0.10235485748594277     
 -0.88161859236318962        8.2437311470574842E-002
 -0.84506551949185571        5.9059361574084021E-002
 -0.80978403319500680        3.3692786410327469E-002
 -0.77567951104961264        7.6708829305857469E-003
 -0.74266554153381104       -1.7848361610477637E-002
 -0.71066300938115168       -4.1899443807129483E-002
 -0.67959929822452603       -6.3712100577540343E-002
 -0.64940759319750996       -8.2704012896770887E-002
 -0.62002626901608426       -9.8466963855824971E-002
 -0.59139835139947117      -0.11074913894084254     
 -0.56347104160796824      -0.11943557752989230     
 -0.53619529545903266      -0.12452820170004447     
 -0.50952544949442868      -0.12612640769199510     
 -0.48341888806170352      -0.12440884587005353     
 -0.45783574598317162      -0.11961676427472273     
 -0.43273864224742598      -0.11203909174769311     
 -0.40809244079830753      -0.10199931170201919     
 -0.38386403503541555       -8.9844079137078550E-002
 -0.36002215309575658       -7.5933482969976054E-002
 -0.33653718137202310       -6.0632814760546966E-002
 -0.31338100405068520       -4.4305694253676274E-002
 -0.29052685673191658       -2.7308391227899347E-002
 -0.26794919243112253       -9.9851914866369192E-003
 -0.24562355846482550        7.3353420305132802E-003
 -0.22352648289714913        2.4343346345809428E-002
 -0.20163536937154192        4.0749998503509577E-002
 -0.17992839927925944        5.6289326293545029E-002
 -0.15838444032453600        7.0719587602046913E-002
 -0.13698296063882870        8.3824300674606111E-002
 -0.11570394767506863        9.5412998508428590E-002
  -9.4527831179282110E-002  0.10532176725654933     
  -7.3435409592623749E-002  0.11341362066316493     
  -5.2407779283041217E-002  0.11957875163707492     
  -3.1426266043351130E-002  0.12373469530683358     
  -1.0472358322297141E-002  0.12582642906777647     
   1.0472358322297265E-002  0.12582642906777802     
   3.1426266043351032E-002  0.12373469530683680     
   5.2407779283041342E-002  0.11957875163708367     
   7.3435409592623874E-002  0.11341362066317624     
   9.4527831179282248E-002  0.10532176725656638     
  0.11570394767506877        9.5412998508448629E-002
  0.13698296063882881        8.3824300674630772E-002
  0.15838444032453633        7.0719587602074127E-002
  0.17992839927925955        5.6289326293578329E-002
  0.20163536937154181        4.0749998503545777E-002
  0.22352648289714927        2.4343346345851880E-002
  0.24562355846482567        7.3353420305594958E-003
  0.26794919243112292       -9.9851914865848219E-003
  0.29052685673191647       -2.7308391227846132E-002
  0.31338100405068536       -4.4305694253620062E-002
  0.33653718137202321       -6.0632814760490865E-002
  0.36002215309575669       -7.5933482969919766E-002
  0.38386403503541566       -8.9844079137026425E-002
  0.40809244079830770      -0.10199931170196966     
  0.43273864224742592      -0.11203909174764733     
  0.45783574598317212      -0.11961676427467581     
  0.48341888806170358      -0.12440884587000883     
  0.50952544949442891      -0.12612640769195177     
  0.53619529545903277      -0.12452820170000635     
  0.56347104160796835      -0.11943557752985740     
  0.59139835139947095      -0.11074913894081731     
  0.62002626901608437       -9.8466963855809886E-002
  0.64940759319751051       -8.2704012896771512E-002
  0.67959929822452658       -6.3712100577551958E-002
  0.71066300938115157       -4.1899443807157280E-002
  0.74266554153381070       -1.7848361610515222E-002
  0.77567951104961330        7.6708829305367713E-003
  0.80978403319500714        3.3692786410270820E-002
  0.84506551949185604        5.9059361574017977E-002
  0.88161859236318929        8.2437311470509866E-002
  0.91954713790703990       0.10235485748588205     
  0.95896552196289875       0.11726410297428289     
   1.0000000000000002       0.12563502950106134     
   1.0427903580444771       0.12608648404926545     
   1.0874918302460024       0.11755727464750325     
   1.1342773492554055        9.9515782146198120E-002
   1.1833401989958212        7.2198369523622880E-002
   1.2348971565350515        3.6854117004513270E-002
   1.2891922317850668       -4.0445466218805666E-003
   1.3465011422702096       -4.6688570107236607E-002
   1.4071366974211936       -8.6004034646745608E-002
   1.4714553158199692      -0.11601494745908258     
   1.5398649638145827      -0.13060001920809344     
   1.6128348909908186      -0.12469813445585294     
   1.6909076557850113       -9.5893315509670105E-002
   1.7747140955927678       -4.6087285291118163E-002
   1.8649921184853133        1.7338606371164272E-002
   1.9626105055051506        8.1751032765835313E-002
   2.0685993549187929       0.13175793033932420     
   2.1841894364376611       0.15417221804024128     
   2.3108636538824112       0.14406477280793167     
   2.4504251978885159       0.10853080692658665     
   2.6050890646938019        6.4260908301425099E-002
   2.7776068539149752        2.8374421242052302E-002
   2.9714398745574431        8.5938825271437685E-003
   3.1910038804976928        1.5733896174053902E-003
   3.4420225766692183        1.4388354239325374E-004
   3.7320508075688767        4.9087408316687771E-006
   4.0712707129971992        3.7650864899333103E-008
   4.4737428292115542        6.1801544921582709E-010
   4.9594473584510741       -1.2023988129935412E-010
   5.5577663337511334       -4.6509356298427237E-013
   6.3137515146750438        1.3282375403608746E-011
   7.3001780318985379       -7.2063186992702058E-012
   8.6427474610313109        2.5364462124994341E-012
   10.578894993405637       -6.4439216583881516E-013
   13.617408897797487        1.1083981658753996E-013
   19.081136687728215       -1.0369649372399514E-014
   31.820515953773956        2.7736537997068159E-016
   95.489475171113384        1.6850234574060423E-019
 
 
  -95.489475171114151        2.0282942155850030E-019
  -31.820515953774020       -4.1235478681914886E-016
  -19.081136687728222        1.5237289938737124E-014
  -13.617408897797404       -1.5325263657534186E-013
  -10.578894993405632        7.9420307963328190E-013
  -8.6427474610313055       -2.4894237858772573E-012
  -7.3001780318985325        3.5324994157710613E-012
  -6.3137515146750385        1.2408765989557846E-011
  -5.5577663337511289       -1.2022983214638761E-010
  -4.9594473584510688        5.6304806496918876E-010
  -4.4737428292115498       -1.9486321189696560E-009
  -4.0712707129971948       -8.7907357374649547E-008
  -3.7320508075688799       -1.0730177857702196E-005
  -3.4420225766692205       -2.9197871980957769E-004
  -3.1910038804976888       -2.9528597874352441E-003
  -2.9714398745574400       -1.4838481156810492E-002
  -2.7776068539149756       -4.4739348787331490E-002
  -2.6050890646938019       -9.1510740609936192E-002
  -2.4504251978885159      -0.13715560250887304     
  -2.3108636538824077      -0.15664274552088084     
  -2.1841894364376602      -0.13517287368140085     
  -2.0685993549187920       -7.6961552130336369E-002
  -1.9626105055051501       -1.0657998539414328E-003
  -1.8649921184853129        6.9342590874764326E-002
  -1.7747140955927685       0.11640434949922511     
  -1.6909076557850105       0.13196231026149896     
  -1.6128348909908177       0.11721987945623713     
  -1.5398649638145820        7.9757497101354310E-002
  -1.4714553158199697        2.9948906756696213E-002
  -1.4071366974211938       -2.1975146368379543E-002
  -1.3465011422702085       -6.7761034962162930E-002
  -1.2891922317850657      -0.10191977091654421     
  -1.2348971565350515      -0.12174787027178897     
  -1.1833401989958212      -0.12689709779231803     
  -1.1342773492554055      -0.11875168353871446     
  -1.0874918302460013       -9.9788292726820091E-002
  -1.0427903580444768       -7.3017592684538571E-002
 -0.99999999999999978       -4.1549672843076778E-002
 -0.95896552196289853       -8.2891322196371481E-003
 -0.91954713790703979        2.4254147165399791E-002
 -0.88161859236318962        5.4061129539248888E-002
 -0.84506551949185571        7.9630658570131393E-002
 -0.80978403319500680        9.9959228449385387E-002
 -0.77567951104961264       0.11449138779305082     
 -0.74266554153381104       0.12305455211364157     
 -0.71066300938115168       0.12578808482361803     
 -0.67959929822452603       0.12307335589478999     
 -0.64940759319750996       0.11546891305296501     
 -0.62002626901608426       0.10365309118256484     
 -0.59139835139947117        8.8375015345959429E-002
 -0.56347104160796824        7.0414121149935796E-002
 -0.53619529545903266        5.0547715454487011E-002
 -0.50952544949442868        2.9525831984731243E-002
 -0.48341888806170352        8.0524453939441552E-003
 -0.45783574598317162       -1.3227887494274995E-002
 -0.43273864224742598       -3.3738896926748189E-002
 -0.40809244079830753       -5.2977804930572629E-002
 -0.38386403503541555       -7.0517632726600277E-002
 -0.36002215309575658       -8.6007240629364157E-002
 -0.33653718137202310       -9.9169664550907963E-002
 -0.31338100405068520      -0.10979918614883886     
 -0.29052685673191658      -0.11775752180822230     
 -0.26794919243112253      -0.12296941001644099     
 -0.24562355846482550      -0.12541784386396468     
 -0.22352648289714913      -0.12513911153268883     
 -0.20163536937154192      -0.12221779219570093     
 -0.17992839927925944      -0.11678178900986259     
 -0.15838444032453600      -0.10899747907508894     
 -0.13698296063882870       -9.9065008200821647E-002
 -0.11570394767506863       -8.7213766326411118E-002
  -9.4527831179282110E-002  -7.3698037176412171E-002
  -7.3435409592623749E-002  -5.8792830425512060E-002
  -5.2407779283041217E-002  -4.2789869064953572E-002
  -3.1426266043351130E-002  -2.5993723767619419E-002
  -1.0472358322297141E-002  -8.7180549270568248E-003
   1.0472358322297265E-002   8.7180549270315100E-003
   3.1426266043351032E-002   2.5993723767593947E-002
   5.2407779283041342E-002   4.2789869064928779E-002
   7.3435409592623874E-002   5.8792830425488635E-002
   9.4527831179282248E-002   7.3698037176389744E-002
  0.11570394767506877        8.7213766326391079E-002
  0.13698296063882881        9.9065008200804189E-002
  0.15838444032453633       0.10899747907507600     
  0.17992839927925955       0.11678178900985413     
  0.20163536937154181       0.12221779219569577     
  0.22352648289714927       0.12513911153268795     
  0.24562355846482567       0.12541784386396884     
  0.26794919243112292       0.12296941001645004     
  0.29052685673191647       0.11775752180823679     
  0.31338100405068536       0.10979918614885865     
  0.33653718137202321        9.9169664550933720E-002
  0.36002215309575669        8.6007240629395298E-002
  0.38386403503541566        7.0517632726638219E-002
  0.40809244079830770        5.2977804930615151E-002
  0.43273864224742592        3.3738896926794638E-002
  0.45783574598317212        1.3227887494323423E-002
  0.48341888806170358       -8.0524453938962855E-003
  0.50952544949442891       -2.9525831984685783E-002
  0.53619529545903277       -5.0547715454443150E-002
  0.56347104160796835       -7.0414121149895412E-002
  0.59139835139947095       -8.8375015345926122E-002
  0.62002626901608437      -0.10365309118253982     
  0.64940759319751051      -0.11546891305294910     
  0.67959929822452658      -0.12307335589477920     
  0.71066300938115157      -0.12578808482361276     
  0.74266554153381070      -0.12305455211364334     
  0.77567951104961330      -0.11449138779305966     
  0.80978403319500714       -9.9959228449401902E-002
  0.84506551949185604       -7.9630658570155083E-002
  0.88161859236318929       -5.4061129539277476E-002
  0.91954713790703990       -2.4254147165428386E-002
  0.95896552196289875        8.2891322196097031E-003
   1.0000000000000002        4.1549672843054421E-002
   1.0427903580444771        7.3017592684523375E-002
   1.0874918302460024        9.9788292726815664E-002
   1.1342773492554055       0.11875168353872109     
   1.1833401989958212       0.12689709779233393     
   1.2348971565350515       0.12174787027181443     
   1.2891922317850668       0.10191977091657800     
   1.3465011422702096        6.7761034962199512E-002
   1.4071366974211936        2.1975146368408270E-002
   1.4714553158199692       -2.9948906756680414E-002
   1.5398649638145827       -7.9757497101355143E-002
   1.6128348909908186      -0.11721987945625528     
   1.6909076557850113      -0.13196231026153016     
   1.7747140955927678      -0.11640434949925695     
   1.8649921184853133       -6.9342590874786780E-002
   1.9626105055051506        1.0657998539282440E-003
   2.0685993549187929        7.6961552130335342E-002
   2.1841894364376611       0.13517287368140873     
   2.3108636538824112       0.15664274552089555     
   2.4504251978885159       0.13715560250888845     
   2.6050890646938019        9.1510740609936872E-002
   2.7776068539149752        4.4739348787317404E-002
   2.9714398745574431        1.4838481156803500E-002
   3.1910038804976928        2.9528597874361562E-003
   3.4420225766692183        2.9197871980844644E-004
   3.7320508075688767        1.0730177860098173E-005
   4.0712707129971992        8.7907358853341803E-008
   4.4737428292115542        1.9486259715241843E-009
   4.9594473584510741       -5.6304810312572471E-010
   5.5577663337511334        1.2022954442941601E-010
   6.3137515146750438       -1.2409355151772721E-011
   7.3001780318985379       -3.5324750795713796E-012
   8.6427474610313109        2.4893322413364822E-012
   10.578894993405637       -7.9434681592580508E-013
   13.617408897797487        1.5325220898214817E-013
   19.081136687728215       -1.5319680309999038E-014
   31.820515953773956        4.2477426438424764E-016
   95.489475171113384       -7.3449851109134714E-019
 
 
