  -20.000000000000000        4.4080820618133920     
  -19.959959959959960        4.4362915757658730     
  -19.919919919919920        4.4637888816490729     
  -19.879879879879880        4.4905170647775448     
  -19.839839839839840        4.5164204433624056     
  -19.799799799799800        4.5414446577687304     
  -19.759759759759760        4.5655367576535326     
  -19.719719719719720        4.5886452868446668     
  -19.679679679679680        4.6107203658245961     
  -19.639639639639640        4.6317137716867851     
  -19.599599599599600        4.6515790154365710     
  -19.559559559559560        4.6702714165125840     
  -19.519519519519520        4.6877481744092719     
  -19.479479479479480        4.7039684372857060     
  -19.439439439439440        4.7188933674506988     
  -19.399399399399400        4.7324862036192643     
  -19.359359359359360        4.7447123198406063     
  -19.319319319319320        4.7555392810031991     
  -19.279279279279280        4.7649368948279642     
  -19.239239239239240        4.7728772602662097     
  -19.199199199199199        4.7793348122247536     
  -19.159159159159159        4.7842863625465242     
  -19.119119119119119        4.7877111371809642     
  -19.079079079079079        4.7895908094846327     
  -19.039039039039039        4.7899095295986465     
  -18.998998998998999        4.7886539498558571     
  -18.958958958958959        4.7858132461770300     
  -18.918918918918919        4.7813791354217496     
  -18.878878878878879        4.7753458886662097     
  -18.838838838838839        4.7677103403866283     
  -18.798798798798799        4.7584718935335513     
  -18.758758758758759        4.7476325204889172     
  -18.718718718718719        4.7351967599043450     
  -18.678678678678679        4.7211717094257253     
  -18.638638638638639        4.7055670143157524     
  -18.598598598598599        4.6883948519926619     
  -18.558558558558559        4.6696699125099448     
  -18.518518518518519        4.6494093750083261     
  -18.478478478478479        4.6276328801777673     
  -18.438438438438439        4.6043624987736207     
  -18.398398398398399        4.5796226962374176     
  -18.358358358358359        4.5534402934789933     
  -18.318318318318319        4.5258444238828224     
  -18.278278278278279        4.4968664866074732     
  -18.238238238238239        4.4665400962530519     
  -18.198198198198199        4.4349010289773183     
  -18.158158158158159        4.4019871651468305     
  -18.118118118118119        4.3678384286150820     
  -18.078078078078079        4.3324967227249314     
  -18.038038038038039        4.2960058631379416     
  -17.997997997997999        4.2584115075982831     
  -17.957957957957959        4.2197610827437959     
  -17.917917917917919        4.1801037080815373     
  -17.877877877877879        4.1394901172496690     
  -17.837837837837839        4.0979725766919115     
  -17.797797797797799        4.0556048018749271     
  -17.757757757757759        4.0124418711829266     
  -17.717717717717719        3.9685401376275373     
  -17.677677677677679        3.9239571385144534     
  -17.637637637637638        3.8787515032116735     
  -17.597597597597598        3.8329828591671746     
  -17.557557557557558        3.7867117363266702     
  -17.517517517517518        3.7399994701046739     
  -17.477477477477478        3.6929081030644086     
  -17.437437437437438        3.6455002854641534     
  -17.397397397397398        3.5978391748294722     
  -17.357357357357358        3.5499883347122880     
  -17.317317317317318        3.5020116327991055     
  -17.277277277277278        3.4539731385317118     
  -17.237237237237238        3.4059370204044557     
  -17.197197197197198        3.3579674431027575     
  -17.157157157157158        3.3101284646477174     
  -17.117117117117118        3.2624839337117066     
  -17.077077077077078        3.2150973872695485     
  -17.037037037037038        3.1680319487493374     
  -16.996996996996998        3.1213502268461801     
  -16.956956956956958        3.0751142151610407     
  -16.916916916916918        3.0293851928255799     
  -16.876876876876878        2.9842236262722848     
  -16.836836836836838        2.9396890723073379     
  -16.796796796796798        2.8958400826416204     
  -16.756756756756758        2.8527341100328654     
  -16.716716716716718        2.8104274161894263     
  -16.676676676676678        2.7689749815832867     
  -16.636636636636638        2.7284304173168761     
  -16.596596596596598        2.6888458791849796     
  -16.556556556556558        2.6502719840694833     
  -16.516516516516518        2.6127577288009887     
  -16.476476476476478        2.5763504116173532     
  -16.436436436436438        2.5410955563450561     
  -16.396396396396398        2.5070368394249343     
  -16.356356356356358        2.4742160198992540     
  -16.316316316316318        2.4426728724723565     
  -16.276276276276278        2.4124451237521862     
  -16.236236236236238        2.3835683917748831     
  -16.196196196196198        2.3560761289094105     
  -16.156156156156158        2.3299995682337196     
  -16.116116116116117        2.3053676734684156     
  -16.076076076076077        2.2822070925481901     
  -16.036036036036037        2.2605421149054270     
  -15.995995995995996        2.2403946325344717     
  -15.955955955955956        2.2217841048989708     
  -15.915915915915916        2.2047275277385303     
  -15.875875875875876        2.1892394058247087     
  -15.835835835835836        2.1753317297100012     
  -15.795795795795796        2.1630139565070960     
  -15.755755755755755        2.1522929947292155     
  -15.715715715715715        2.1431731932158287     
  -15.675675675675675        2.1356563341615074     
  -15.635635635635635        2.1297416302590801     
  -15.595595595595595        2.1254257259616822     
  -15.555555555555555        2.1227027028616647     
  -15.515515515515515        2.1215640891777445     
  -15.475475475475475        2.1219988733351940     
  -15.435435435435435        2.1239935216172876     
  -15.395395395395395        2.1275319998597277     
  -15.355355355355355        2.1325957991532558     
  -15.315315315315315        2.1391639655132630     
  -15.275275275275275        2.1472131334688305     
  -15.235235235235235        2.1567175635173590     
  -15.195195195195195        2.1676491833847518     
  -15.155155155155155        2.1799776330250080     
  -15.115115115115115        2.1936703132870878     
  -15.075075075075075        2.2086924381710524     
  -15.035035035035035        2.2250070905896888     
  -14.994994994994995        2.2425752815462592     
  -14.954954954954955        2.2613560126334979     
  -14.914914914914915        2.2813063417536701     
  -14.874874874874875        2.3023814519543562     
  -14.834834834834835        2.3245347232696041     
  -14.794794794794795        2.3477178074512977     
  -14.754754754754755        2.3718807054709479     
  -14.714714714714715        2.3969718476676638     
  -14.674674674674675        2.4229381764138385     
  -14.634634634634635        2.4497252311660258     
  -14.594594594594595        2.4772772357646846     
  -14.554554554554555        2.5055371878428376     
  -14.514514514514515        2.5344469502003313     
  -14.474474474474475        2.5639473439972251     
  -14.434434434434435        2.5939782436169150     
  -14.394394394394395        2.6244786730469341     
  -14.354354354354355        2.6553869036229298     
  -14.314314314314315        2.6866405529791346     
  -14.274274274274275        2.7181766850467128     
  -14.234234234234235        2.7499319109396891     
  -14.194194194194194        2.7818424905667389     
  -14.154154154154154        2.8138444348059597     
  -14.114114114114114        2.8458736080788292     
  -14.074074074074074        2.8778658311589416     
  -14.034034034034034        2.9097569840507020     
  -13.993993993993994        2.9414831087730811     
  -13.953953953953954        2.9729805118836596     
  -13.913913913913914        3.0041858665786165     
  -13.873873873873874        3.0350363142050063     
  -13.833833833833834        3.0654695650225876     
  -13.793793793793794        3.0954239980536933     
  -13.753753753753754        3.1248387598610829     
  -13.713713713713712        3.1536538620954300     
  -13.673673673673672        3.1818102776560808     
  -13.633633633633632        3.2092500353109519     
  -13.593593593593592        3.2359163126238637     
  -13.553553553553552        3.2617535270403790     
  -13.513513513513512        3.2867074249861128     
  -13.473473473473472        3.3107251688347050     
  -13.433433433433432        3.3337554216060425     
  -13.393393393393392        3.3557484292589526     
  -13.353353353353352        3.3766561004464699     
  -13.313313313313312        3.3964320836058111     
  -13.273273273273272        3.4150318412594967     
  -13.233233233233232        3.4324127214085118     
  -13.193193193193192        3.4485340259030584     
  -13.153153153153152        3.4633570756813099     
  -13.113113113113112        3.4768452727715831     
  -13.073073073073072        3.4889641589585452     
  -13.033033033033032        3.4996814710194104     
  -12.992992992992992        3.5089671924415820     
  -12.952952952952952        3.5167936015388421     
  -12.912912912912912        3.5231353158889549     
  -12.872872872872872        3.5279693330214501     
  -12.832832832832832        3.5312750672903701     
  -12.792792792792792        3.5330343828728648     
  -12.752752752752752        3.5332316228407490     
  -12.712712712712712        3.5318536342584070     
  -12.672672672672672        3.5288897892668296     
  -12.632632632632632        3.5243320021199702     
  -12.592592592592592        3.5181747421461194     
  -12.552552552552552        3.5104150426135230     
  -12.512512512512512        3.5010525054860211     
  -12.472472472472472        3.4900893020610990     
  -12.432432432432432        3.4775301694893170     
  -12.392392392392392        3.4633824031807023     
  -12.352352352352352        3.4476558451102761     
  -12.312312312312311        3.4303628680414580     
  -12.272272272272271        3.4115183556926434     
  -12.232232232232231        3.3911396788787420     
  -12.192192192192191        3.3692466676659247     
  -12.152152152152151        3.3458615795842137     
  -12.112112112112111        3.3210090639488694     
  -12.072072072072071        3.2947161223477681     
  -12.032032032032031        3.2670120653581138     
  -11.991991991991991        3.2379284655618523     
  -11.951951951951951        3.2074991069351229     
  -11.911911911911911        3.1757599306928572     
  -11.871871871871871        3.1427489776753514     
  -11.831831831831831        3.1085063273691542     
  -11.791791791791791        3.0730740336600264     
  -11.751751751751751        3.0364960574209552     
  -11.711711711711711        2.9988181960432874     
  -11.671671671671671        2.9600880100239388     
  -11.631631631631631        2.9203547467263671     
  -11.591591591591591        2.8796692614375043     
  -11.551551551551551        2.8380839358472141     
  -11.511511511511511        2.7956525940809280     
  -11.471471471471471        2.7524304164200819     
  -11.431431431431431        2.7084738508486392     
  -11.391391391391391        2.6638405225675013     
  -11.351351351351351        2.6185891416218530     
  -11.311311311311311        2.5727794087895068     
  -11.271271271271271        2.5264719198811179     
  -11.231231231231231        2.4797280686056675     
  -11.191191191191191        2.4326099481569212     
  -11.151151151151151        2.3851802516786234     
  -11.111111111111111        2.3375021717679729     
  -11.071071071071071        2.2896392991784826     
  -11.031031031031031        2.2416555208845996     
  -10.990990990990991        2.1936149176714808     
  -10.950950950950951        2.1455816614140968     
  -10.910910910910911        2.0976199122103170     
  -10.870870870870871        2.0497937155328723     
  -10.830830830830831        2.0021668995650672     
  -10.790790790790791        1.9548029728847942     
  -10.750750750750750        1.9077650226608835     
  -10.710710710710710        1.8611156135249591     
  -10.670670670670670        1.8149166872809221     
  -10.630630630630630        1.7692294636128203     
  -10.590590590590590        1.7241143419502660     
  -10.550550550550550        1.6796308046487194     
  -10.510510510510510        1.6358373216398272     
  -10.470470470470470        1.5927912567046716     
  -10.430430430430430        1.5505487755201677     
  -10.390390390390390        1.5091647556260068     
  -10.350350350350350        1.4686926984564788     
  -10.310310310310310        1.4291846435781697     
  -10.270270270270270        1.3906910852710270     
  -10.230230230230230        1.3532608915865025     
  -10.190190190190190        1.3169412260125213     
  -10.150150150150150        1.2817774718708548     
  -10.110110110110110        1.2478131595680799     
  -10.070070070070070        1.2150898968167456     
  -10.030030030030030        1.1836473019386005     
  -9.9899899899899900        1.1535229403567928     
  -9.9499499499499500        1.1247522643788501     
  -9.9099099099099099        1.0973685563669626     
  -9.8698698698698699        1.0714028753866671     
  -9.8298298298298299        1.0468840074194588     
  -9.7897897897897899        1.0238384192191285     
  -9.7497497497497498        1.0022902158858091     
  -9.7097097097097098       0.98226110222572205     
  -9.6696696696696698       0.96377034795857874     
  -9.6296296296296298       0.94683475682839946     
  -9.5895895895895897       0.93146863966726845     
  -9.5495495495495497       0.91768379145520618     
  -9.5095095095095097       0.90548947241292510     
  -9.4694694694694697       0.89489239315778346     
  -9.4294294294294296       0.88589670394672859     
  -9.3893893893893896       0.87850398802347307     
  -9.3493493493493496       0.87271325908057107     
  -9.3093093093093096       0.86852096284045932     
  -9.2692692692692695       0.86592098275293061     
  -9.2292292292292295       0.86490464979990711     
  -9.1891891891891895       0.86546075639179387     
  -9.1491491491491495       0.86757557433314125     
  -9.1091091091091094       0.87123287682881301     
  -9.0690690690690694       0.87641396449538678     
  -9.0290290290290294       0.88309769533609084     
  -8.9889889889889893       0.89126051863122580     
  -8.9489489489489493       0.90087651268974889     
  -8.9089089089089093       0.91191742640150131     
  -8.8688688688688693       0.92435272452347261     
  -8.8288288288288292       0.93814963662750994     
  -8.7887887887887892       0.95327320963100604     
  -8.7487487487487492       0.96968636382636453     
  -8.7087087087087092       0.98734995231942302     
  -8.6686686686686691        1.0062228237815576     
  -8.6286286286286291        1.0262618884148771     
  -8.5885885885885891        1.0474221870247646     
  -8.5485485485485491        1.0696569630890471     
  -8.5085085085085090        1.0929177377082600     
  -8.4684684684684690        1.1171543873168699     
  -8.4284284284284290        1.1423152240308811     
  -8.3883883883883890        1.1683470785030270     
  -8.3483483483483489        1.1951953851527382     
  -8.3083083083083089        1.2228042696342551     
  -8.2682682682682689        1.2511166384026811     
  -8.2282282282282289        1.2800742702344003     
  -8.1881881881881888        1.3096179095551523     
  -8.1481481481481488        1.3396873614261640     
  -8.1081081081081088        1.3702215880360711     
  -8.0680680680680688        1.4011588065439586     
  -8.0280280280280287        1.4324365881166758     
  -7.9879879879879887        1.4639919580016691     
  -7.9479479479479487        1.4957614964749228     
  -7.9079079079079087        1.5276814405021810     
  -7.8678678678678686        1.5596877859504941     
  -7.8278278278278286        1.5917163901862439     
  -7.7877877877877886        1.6237030748951848     
  -7.7477477477477485        1.6555837289596798     
  -7.7077077077077085        1.6872944112282213     
  -7.6676676676676685        1.7187714530124980     
  -7.6276276276276285        1.7499515601477056     
  -7.5875875875875884        1.7807719144524987     
  -7.5475475475475484        1.8111702744259488     
  -7.5075075075075084        1.8410850750200862     
  -7.4674674674674666        1.8704555263280953     
  -7.4274274274274266        1.8992217110299616     
  -7.3873873873873865        1.9273246804393818     
  -7.3473473473473465        1.9547065489979496     
  -7.3073073073073065        1.9813105870651664     
  -7.2672672672672665        2.0070813118555204     
  -7.2272272272272264        2.0319645763768750     
  -7.1871871871871864        2.0559076562275882     
  -7.1471471471471464        2.0788593341132344     
  -7.1071071071071064        2.1007699819474479     
  -7.0670670670670663        2.1215916404052799     
  -7.0270270270270263        2.1412780958015465     
  -6.9869869869869863        2.1597849541709349     
  -6.9469469469469463        2.1770697124311109     
  -6.9069069069069062        2.1930918265147650     
  -6.8668668668668662        2.2078127763613677     
  -6.8268268268268262        2.2211961276644709     
  -6.7867867867867862        2.2332075902755566     
  -6.7467467467467461        2.2438150731708228     
  -6.7067067067067061        2.2529887358927976     
  -6.6666666666666661        2.2607010363843090     
  -6.6266266266266260        2.2669267751381459     
  -6.5865865865865860        2.2716431355916331     
  -6.5465465465465460        2.2748297207013666     
  -6.5065065065065060        2.2764685856394831     
  -6.4664664664664659        2.2765442665590490     
  -6.4264264264264259        2.2750438053824658     
  -6.3863863863863859        2.2719567705731447     
  -6.3463463463463459        2.2672752738571624     
  -6.3063063063063058        2.2609939828680909     
  -6.2662662662662658        2.2531101296947291     
  -6.2262262262262258        2.2436235153180406     
  -6.1861861861861858        2.2325365099301786     
  -6.1461461461461457        2.2198540491350895     
  -6.1061061061061057        2.2055836260367880     
  -6.0660660660660657        2.1897352792279778     
  -6.0260260260260257        2.1723215766982857     
  -5.9859859859859856        2.1533575956878899     
  -5.9459459459459456        2.1328608985188451     
  -5.9059059059059056        2.1108515044428455     
  -5.8658658658658656        2.0873518575505514     
  -5.8258258258258255        2.0623867907939242     
  -5.7857857857857855        2.0359834861792327     
  -5.7457457457457455        2.0081714311945569     
  -5.7057057057057055        1.9789823715416177     
  -5.6656656656656654        1.9484502602477147     
  -5.6256256256256254        1.9166112032393434     
  -5.5855855855855854        1.8835034014647318     
  -5.5455455455455454        1.8491670896580787     
  -5.5055055055055053        1.8136444718436522     
  -5.4654654654654653        1.7769796536831339     
  -5.4254254254254253        1.7392185717746567     
  -5.3853853853853852        1.7004089200168684     
  -5.3453453453453452        1.6606000731560595     
  -5.3053053053053052        1.6198430076389070     
  -5.2652652652652652        1.5781902198977078     
  -5.2252252252252251        1.5356956421990908     
  -5.1851851851851851        1.4924145561910986     
  -5.1451451451451451        1.4484035042872221     
  -5.1051051051051051        1.4037201990294446     
  -5.0650650650650650        1.3584234305755742     
  -5.0250250250250250        1.3125729724591750     
  -4.9849849849849850        1.2662294857731509     
  -4.9449449449449450        1.2194544219305830     
  -4.9049049049049049        1.1723099241586896     
  -4.8648648648648649        1.1248587278838165     
  -4.8248248248248249        1.0771640601671351     
  -4.7847847847847849        1.0292895383522569     
  -4.7447447447447448       0.98129906808722700     
  -4.7047047047047048       0.93325674088436972     
  -4.6646646646646648       0.88522673138219510     
  -4.6246246246246248       0.83727319447405357     
  -4.5845845845845847       0.78946016246844497     
  -4.5445445445445447       0.74185144244582624     
  -4.5045045045045047       0.69451051397646069     
  -4.4644644644644647       0.64750042736326097     
  -4.4244244244244246       0.60088370257274459     
  -4.3843843843843846       0.55472222901611357     
  -4.3443443443443446       0.50907716634110833     
  -4.3043043043043046       0.46400884639366480     
  -4.2642642642642645       0.41957667650653174     
  -4.2242242242242245       0.37583904426987219     
  -4.1841841841841845       0.33285322393650429     
  -4.1441441441441444       0.29067528461181036     
  -4.1041041041041044       0.24936000037548611     
  -4.0640640640640644       0.20896076247920481     
  -4.0240240240240244       0.16952949376094073     
  -3.9839839839839826       0.13111656541314476     
  -3.9439439439439425        9.3770716238202434E-002
  -3.9039039039039025        5.7538974520578656E-002
  -3.8638638638638625        2.2466582640926935E-002
  -3.8238238238238225       -1.1403075447025346E-002
  -3.7837837837837824       -4.4028543760548544E-002
  -3.7437437437437424       -7.5370360741461528E-002
  -3.7037037037037024      -0.10539112251264116     
  -3.6636636636636624      -0.13405554283608523     
  -3.6236236236236223      -0.16133050967642215     
  -3.5835835835835823      -0.18718513827919381     
  -3.5435435435435423      -0.21159082067882629     
  -3.5035035035035023      -0.23452127155693170     
  -3.4634634634634622      -0.25595257037742691     
  -3.4234234234234222      -0.27586319973092810     
  -3.3833833833833822      -0.29423407982695771     
  -3.3433433433433422      -0.31104859907866844     
  -3.3033033033033021      -0.32629264073106201     
  -3.2632632632632621      -0.33995460549001499     
  -3.2232232232232221      -0.35202543011583853     
  -3.1831831831831821      -0.36249860195156680     
  -3.1431431431431420      -0.37137016936268485     
  -3.1031031031031020      -0.37863874807156195     
  -3.0630630630630620      -0.38430552337643531     
  -3.0230230230230219      -0.38837424825138844     
  -2.9829829829829819      -0.39085123733036897     
  -2.9429429429429419      -0.39174535678488920     
  -2.9029029029029019      -0.39106801011163639     
  -2.8628628628628618      -0.38883311985277469     
  -2.8228228228228218      -0.38505710527824000     
  -2.7827827827827818      -0.37975885606580495     
  -2.7427427427427418      -0.37295970202110129     
  -2.7027027027027017      -0.36468337888614255     
  -2.6626626626626617      -0.35495599029115132     
  -2.6226226226226217      -0.34380596591068446     
  -2.5825825825825817      -0.33126401589113186     
  -2.5425425425425416      -0.31736308162263904     
  -2.5025025025025016      -0.30213828293436762     
  -2.4624624624624616      -0.28562686179773827     
  -2.4224224224224216      -0.26786812262789950     
  -2.3823823823823815      -0.24890336927911849     
  -2.3423423423423415      -0.22877583883508973     
  -2.3023023023023015      -0.20753063230029511     
  -2.2622622622622615      -0.18521464230351631     
  -2.2222222222222214      -0.16187647792939042     
  -2.1821821821821814      -0.13756638679850253     
  -2.1421421421421414      -0.11233617452092087     
  -2.1021021021021014       -8.6239121652289641E-002
  -2.0620620620620613       -5.9329898285597260E-002
  -2.0220220220220213       -3.1664476415529774E-002
  -1.9819819819819813       -3.3000402158877562E-003
  -1.9419419419419413        2.5705105626108393E-002
  -1.9019019019019012        5.5291629371685413E-002
  -1.8618618618618612        8.5399267338738871E-002
  -1.8218218218218212       0.11596692050395049     
  -1.7817817817817811       0.14693275244395021     
  -1.7417417417417411       0.17823428845852340     
  -1.7017017017017011       0.20980851571696957     
  -1.6616616616616611       0.24159198426707978     
  -1.6216216216216210       0.27352090874481527     
  -1.5815815815815810       0.30553127062164837     
  -1.5415415415415410       0.33755892082566397     
  -1.5015015015015010       0.36953968257192027     
  -1.4614614614614609       0.40140945423723401     
  -1.4214214214214209       0.43310431211448147     
  -1.3813813813813809       0.46456061288170214     
  -1.3413413413413409       0.49571509562174759     
  -1.3013013013013008       0.52650498322893835     
  -1.2612612612612608       0.55686808304017621     
  -1.2212212212212208       0.58674288652920104     
  -1.1811811811811808       0.61606866790418069     
  -1.1411411411411407       0.64478558145058762     
  -1.1011011011011007       0.67283475746331722     
  -1.0610610610610607       0.70015839661427459     
  -1.0210210210210207       0.72669986260415487     
 -0.98098098098098063       0.75240377294990080     
 -0.94094094094094061       0.77721608776230422     
 -0.90090090090090058       0.80108419637144135     
 -0.86086086086086056       0.82395700166108465     
 -0.82082082082082053       0.84578500197690054     
 -0.78078078078078050       0.86652037047713759     
 -0.74074074074074048       0.88611703179860579     
 -0.70070070070070045       0.90453073591505218     
 -0.66066066066066043       0.92171912906953746     
 -0.62062062062062040       0.93764182166711285     
 -0.58058058058058037       0.95226045301896056     
 -0.54054054054054035       0.96553875283422019     
 -0.50050050050050032       0.97744259936092370     
 -0.46046046046046030       0.98794007408284501     
 -0.42042042042042027       0.99700151288458227     
 -0.38038038038038025        1.0045995536028560     
 -0.34034034034034022        1.0107091798878018     
 -0.30030030030030019        1.0153077613039436     
 -0.26026026026026017        1.0183750896065702     
 -0.22022022022022014        1.0198934111353619     
 -0.18018018018018012        1.0198474552733423     
 -0.14014014014014009        1.0182244589255331     
 -0.10010010010010006        1.0150141869780769     
  -6.0060060060060039E-002   1.0102089487050279     
  -2.0020020020020013E-002   1.0038036100965138     
   2.0020020020020013E-002  0.99579560208850570     
   6.0060060060060039E-002  0.98618492468100383     
  0.10010010010010006       0.97497414693803697     
  0.14014014014014009       0.96216840286947714     
  0.18018018018018012       0.94777538320127031     
  0.22022022022022014       0.93180532304727393     
  0.26026026026026017       0.91427098550246610     
  0.30030030030030019       0.89518764118382355     
  0.34034034034034022       0.87457304375166567     
  0.38038038038038025       0.85244740145070397     
  0.42042042042042027       0.82883334471641412     
  0.46046046046046030       0.80375588989866098     
  0.50050050050050032       0.77724239916072357     
  0.54054054054054035       0.74932253661800396     
  0.58058058058058037       0.72002822078672846     
  0.62062062062062040       0.68939357341886465     
  0.66066066066066043       0.65745486480527338     
  0.70070070070070045       0.62425045563477199     
  0.74074074074074048       0.58982073550230973     
  0.78078078078078050       0.55420805816482543     
  0.82082082082082053       0.51745667364857229     
  0.86086086086086056       0.47961265731674046     
  0.90090090090090058       0.44072383601108112     
  0.94094094094094061       0.40083971138592794     
  0.98098098098098063       0.36001138055750859     
   1.0210210210210207       0.31829145419574656     
   1.0610610610610607       0.27573397218985024     
   1.1011011011011007       0.23239431702287694     
   1.1411411411411407       0.18832912499413129     
   1.1811811811811808       0.14359619543170840     
   1.2212212212212208        9.8254398040712704E-002
   1.2612612612612608        5.2363578535671917E-002
   1.3013013013013008        5.9844627084179591E-003
   1.3413413413413409       -4.0821440914788731E-002
   1.3813813813813809       -8.7991939670850144E-002
   1.4214214214214209      -0.13546425645408694     
   1.4614614614614609      -0.18317513034735039     
   1.5015015015015010      -0.23106091802868012     
   1.5415415415415410      -0.27905769579095241     
   1.5815815815815810      -0.32710136201098400     
   1.6216216216216210      -0.37512773990383319     
   1.6616616616616611      -0.42307268039758467     
   1.7017017017017011      -0.47087216496371087     
   1.7417417417417411      -0.51846240823817302     
   1.7817817817817811      -0.56577996026876221     
   1.8218218218218212      -0.61276180822477799     
   1.8618618618618612      -0.65934547740600569     
   1.9019019019019012      -0.70546913138907508     
   1.9419419419419413      -0.75107167115066809     
   1.9819819819819813      -0.79609283300868028     
   2.0220220220220213      -0.84047328522433840     
   2.0620620620620613      -0.88415472311042187     
   2.1021021021021014      -0.92707996249313018     
   2.1421421421421414      -0.96919303137777746     
   2.1821821821821814       -1.0104392596713749     
   2.2222222222222214       -1.0507653668182790     
   2.2622622622622615       -1.0901195472084209     
   2.3023023023023015       -1.1284515532212156     
   2.3423423423423415       -1.1657127757720263     
   2.3823823823823815       -1.2018563222320711     
   2.4224224224224216       -1.2368370915968683     
   2.4624624624624616       -1.2706118467827230     
   2.5025025025025016       -1.3031392839353684     
   2.5425425425425416       -1.3343800986396559     
   2.5825825825825817       -1.3642970489241644     
   2.6226226226226217       -1.3928550149597332     
   2.6626626626626617       -1.4200210553562158     
   2.7027027027027017       -1.4457644599672232     
   2.7427427427427418       -1.4700567991181981     
   2.7827827827827818       -1.4928719691789176     
   2.8228228228228218       -1.5141862344073687     
   2.8628628628628618       -1.5339782649979194     
   2.9029029029029019       -1.5522291712727971     
   2.9429429429429419       -1.5689225339620660     
   2.9829829829829819       -1.5840444305235617     
   3.0230230230230219       -1.5975834574605972     
   3.0630630630630620       -1.6095307486016601     
   3.1031031031031020       -1.6198799893128029     
   3.1431431431431420       -1.6286274266199419     
   3.1831831831831821       -1.6357718752248396     
   3.2232232232232221       -1.6413147194051274     
   3.2632632632632621       -1.6452599107953199     
   3.3033033033033021       -1.6476139620523829     
   3.3433433433433422       -1.6483859364160054     
   3.3833833833833822       -1.6475874331803104     
   3.4234234234234222       -1.6452325691002971     
   3.4634634634634622       -1.6413379557628116     
   3.5035035035035023       -1.6359226729583325     
   3.5435435435435423       -1.6290082380962434     
   3.5835835835835823       -1.6206185717126267     
   3.6236236236236223       -1.6107799591258711     
   3.6636636636636624       -1.5995210083015501     
   3.7037037037037024       -1.5868726039941221     
   3.7437437437437424       -1.5728678582389586     
   3.7837837837837824       -1.5575420572740615     
   3.8238238238238225       -1.5409326049765544     
   3.8638638638638625       -1.5230789629046180     
   3.9039039039039025       -1.5040225870409825     
   3.9439439439439425       -1.4838068613393747     
   3.9839839839839826       -1.4624770281804482     
   4.0240240240240226       -1.4400801158486702     
   4.0640640640640626       -1.4166648631464218     
   4.1041041041041026       -1.3922816412661567     
   4.1441441441441427       -1.3669823730458486     
   4.1841841841841827       -1.3408204497371705     
   4.2242242242242227       -1.3138506454198189     
   4.2642642642642627       -1.2861290291991754     
   4.3043043043043028       -1.2577128753280582     
   4.3443443443443428       -1.2286605713966310     
   4.3843843843843828       -1.1990315247376415     
   4.4244244244244229       -1.1688860671970267     
   4.4644644644644629       -1.1382853584225261     
   4.5045045045045029       -1.1072912878253425     
   4.5445445445445429       -1.0759663753719930     
   4.5845845845845830       -1.0443736713653904     
   4.6246246246246230       -1.0125766553757978     
   4.6646646646646630      -0.98063913448367224     
   4.7047047047047030      -0.94862514099751361     
   4.7447447447447431      -0.91659882981067242     
   4.7847847847847831      -0.88462437556165840     
   4.8248248248248231      -0.85276586976279622     
   4.8648648648648631      -0.82108721806213081     
   4.9049049049049032      -0.78965203780327375     
   4.9449449449449432      -0.75852355604739652     
   4.9849849849849832      -0.72776450822084437     
   5.0250250250250268      -0.69743703755083375     
   5.0650650650650668      -0.66760259545045031     
   5.1051051051051068      -0.63832184301259609     
   5.1451451451451469      -0.60965455377083444     
   5.1851851851851869      -0.58165951788297432     
   5.2252252252252269      -0.55439444789099801     
   5.2652652652652669      -0.52791588620839702     
   5.3053053053053070      -0.50227911448321394     
   5.3453453453453470      -0.47753806498207740     
   5.3853853853853870      -0.45374523413728451     
   5.4254254254254271      -0.43095159839551256     
   5.4654654654654671      -0.40920653250305117     
   5.5055055055055071      -0.38855773035854901     
   5.5455455455455471      -0.36905112856013855     
   5.5855855855855872      -0.35073083276950168     
   5.6256256256256272      -0.33363904701090608     
   5.6656656656656672      -0.31781600601855076     
   5.7057057057057072      -0.30329991074066398     
   5.7457457457457473      -0.29012686710374058     
   5.7857857857857873      -0.27833082813508092     
   5.8258258258258273      -0.26794353953640582     
   5.8658658658658673      -0.25899448879579412     
   5.9059059059059074      -0.25151085791951655     
   5.9459459459459474      -0.24551747985953298     
   5.9859859859859874      -0.24103679870650419     
   6.0260260260260274      -0.23808883371212441     
   6.0660660660660675      -0.23669114719844830     
   6.1061061061061075      -0.23685881640565443     
   6.1461461461461475      -0.23860440932336868     
   6.1861861861861875      -0.24193796454429606     
   6.2262262262262276      -0.24686697517245015     
   6.2662662662662676      -0.25339637681177751     
   6.3063063063063076      -0.26152853965443179     
   6.3463463463463476      -0.27126326468137618     
   6.3863863863863877      -0.28259778398141022     
   6.4264264264264277      -0.29552676518810539     
   6.4664664664664677      -0.31004232002753829     
   6.5065065065065077      -0.32613401696312039     
   6.5465465465465478      -0.34378889791725231     
   6.5865865865865878      -0.36299149904300210     
   6.6266266266266278      -0.38372387551250564     
   6.6666666666666679      -0.40596563028235855     
   6.7067067067067079      -0.42969394678988571     
   6.7467467467467479      -0.45488362552787653     
   6.7867867867867879      -0.48150712443915922     
   6.8268268268268280      -0.50953460306626075     
   6.8668668668668680      -0.53893397038538005     
   6.9069069069069080      -0.56967093624799914     
   6.9469469469469480      -0.60170906634766874     
   6.9869869869869881      -0.63500984062386112     
   7.0270270270270281      -0.66953271500926548     
   7.0670670670670681      -0.70523518642154837     
   7.1071071071071081      -0.74207286089539626     
   7.1471471471471482      -0.77999952474562595     
   7.1871871871871882      -0.81896721864728828     
   7.2272272272272282      -0.85892631451401757     
   7.2672672672672682      -0.89982559505138815     
   7.3073073073073083      -0.94161233585775828     
   7.3473473473473483      -0.98423238994099083     
   7.3873873873873883       -1.0276302745155750     
   7.4274274274274283       -1.0717492599410110     
   7.4674674674674684       -1.1165314606588934     
   7.5075075075075084       -1.1619179279829170     
   7.5475475475475484       -1.2078487445930706     
   7.5875875875875884       -1.2542631205825368     
   7.6276276276276285       -1.3010994909033460     
   7.6676676676676685       -1.3482956140545692     
   7.7077077077077085       -1.3957886718548620     
   7.7477477477477485       -1.4435153701394197     
   7.7877877877877886       -1.4914120402199307     
   7.8278278278278286       -1.5394147409448877     
   7.8678678678678686       -1.5874593611966532     
   7.9079079079079087       -1.6354817226609824     
   7.9479479479479487       -1.6834176827042566     
   7.9879879879879887       -1.7312032371935264     
   8.0280280280280287       -1.7787746230945358     
   8.0680680680680688       -1.8260684206832687     
   8.1081081081081088       -1.8730216552071723     
   8.1481481481481488       -1.9195718978330956     
   8.1881881881881888       -1.9656573657201233     
   8.2282282282282289       -2.0112170210568916     
   8.2682682682682689       -2.0561906689046263     
   8.3083083083083089       -2.1005190536890685     
   8.3483483483483489       -2.1441439541866014     
   8.3883883883883890       -2.1870082768523287     
   8.4284284284284290       -2.2290561473404908     
   8.4684684684684690       -2.2702330000705175     
   8.5085085085085090       -2.3104856656951434     
   8.5485485485485491       -2.3497624563303727     
   8.5885885885885891       -2.3880132484106711     
   8.6286286286286291       -2.4251895630365747     
   8.6686686686686691       -2.4612446436859097     
   8.7087087087087092       -2.4961335311640607     
   8.7487487487487492       -2.5298131356731353     
   8.7887887887887892       -2.5622423058845096     
   8.8288288288288292       -2.5933818949040219     
   8.8688688688688693       -2.6231948230240749     
   8.9089089089089093       -2.6516461371620625     
   8.9489489489489493       -2.6787030668898311     
   8.9889889889889893       -2.7043350769643699     
   9.0290290290290294       -2.7285139162755212     
   9.0690690690690694       -2.7512136631322406     
   9.1091091091091094       -2.7724107668148306     
   9.1491491491491495       -2.7920840853265183     
   9.1891891891891895       -2.8102149192838821     
   9.2292292292292295       -2.8267870418917846     
   9.2692692692692695       -2.8417867249547770     
   9.3093093093093096       -2.8552027608832642     
   9.3493493493493496       -2.8670264806591685     
   9.3893893893893896       -2.8772517677322829     
   9.4294294294294296       -2.8858750678250433     
   9.4694694694694697       -2.8928953946300044     
   9.5095095095095097       -2.8983143313908788     
   9.5495495495495497       -2.9021360283646138     
   9.5895895895895897       -2.9043671961685673     
   9.6296296296296298       -2.9050170950234526     
   9.6696696696696698       -2.9040975199092891     
   9.7097097097097098       -2.9016227816581619     
   9.7497497497497498       -2.8976096840140908     
   9.7897897897897899       -2.8920774966967873     
   9.8298298298298299       -2.8850479245124734     
   9.8698698698698699       -2.8765450725612807     
   9.9099099099099099       -2.8665954075970013     
   9.9499499499499500       -2.8552277156011296     
   9.9899899899899900       -2.8424730556392035     
   10.030030030030030       -2.8283647100734117     
   10.070070070070070       -2.8129381312112822     
   10.110110110110110       -2.7962308844759645     
   10.150150150150150       -2.7782825881892053     
   10.190190190190190       -2.7591348500635542     
   10.230230230230230       -2.7388312005055897     
   10.270270270270270       -2.7174170228370809     
   10.310310310310310       -2.6949394805459548     
   10.350350350350350       -2.6714474416836613     
   10.390390390390390       -2.6469914005301489     
   10.430430430430430       -2.6216233966520046     
   10.470470470470470       -2.5953969314835161     
   10.510510510510510       -2.5683668825643773     
   10.550550550550550       -2.5405894155715005     
   10.590590590590590       -2.5121218942859698     
   10.630630630630630       -2.4830227886394320     
   10.670670670670670       -2.4533515809873458     
   10.710710710710710       -2.4231686707593254     
   10.750750750750750       -2.3925352776394169     
   10.790790790790791       -2.3615133434315219     
   10.830830830830831       -2.3301654327672652     
   10.870870870870871       -2.2985546328154758     
   10.910910910910911       -2.2667444521540476     
   10.950950950950951       -2.2347987189662835     
   10.990990990990991       -2.2027814787249151     
   11.031031031031031       -2.1707568915278128     
   11.071071071071071       -2.1387891292499455     
   11.111111111111111       -2.1069422726764717     
   11.151151151151151       -2.0752802087818369     
   11.191191191191191       -2.0438665283195547     
   11.231231231231231       -2.0127644238868250     
   11.271271271271271       -1.9820365886273905     
   11.311311311311311       -1.9517451157350179     
   11.351351351351351       -1.9219513989186874     
   11.391391391391391       -1.8927160339890547     
   11.431431431431431       -1.8640987217239333     
   11.471471471471471       -1.8361581721685063     
   11.511511511511511       -1.8089520105236767     
   11.551551551551551       -1.7825366847734065     
   11.591591591591591       -1.7569673751991317     
   11.631631631631631       -1.7322979059262855     
   11.671671671671671       -1.7085806586447294     
   11.711711711711711       -1.6858664886413974     
   11.751751751751751       -1.6642046432797453     
   11.791791791791791       -1.6436426830566897     
   11.831831831831831       -1.6242264053635782     
   11.871871871871871       -1.6059997710733969     
   11.911911911911911       -1.5890048340719074     
   11.951951951951951       -1.5732816738456576     
   11.991991991991991       -1.5588683312349438     
   12.032032032032035       -1.5458007474546975     
   12.072072072072075       -1.5341127064810594     
   12.112112112112115       -1.5238357808959746     
   12.152152152152155       -1.5149992812766464     
   12.192192192192195       -1.5076302092109510     
   12.232232232232235       -1.5017532140141503     
   12.272272272272275       -1.4973905532162650     
   12.312312312312315       -1.4945620568834663     
   12.352352352352355       -1.4932850958306645     
   12.392392392392395       -1.4935745537762539     
   12.432432432432435       -1.4954428034836558     
   12.472472472472475       -1.4988996869278903     
   12.512512512512515       -1.5039524995189839     
   12.552552552552555       -1.5106059784074986     
   12.592592592592595       -1.5188622948909178     
   12.632632632632635       -1.5287210509330835     
   12.672672672672675       -1.5401792798022402     
   12.712712712712715       -1.5532314508266789     
   12.752752752752755       -1.5678694782603535     
   12.792792792792795       -1.5840827342442532     
   12.832832832832835       -1.6018580658427641     
   12.872872872872875       -1.6211798161277005     
   12.912912912912915       -1.6420298492762118     
   12.952952952952955       -1.6643875796423409     
   12.992992992992995       -1.6882300047556169     
   13.033033033033036       -1.7135317421938043     
   13.073073073073076       -1.7402650702706861     
   13.113113113113116       -1.7683999724736643     
   13.153153153153156       -1.7979041855799540     
   13.193193193193196       -1.8287432513742212     
   13.233233233233236       -1.8608805718847838     
   13.273273273273276       -1.8942774680498151     
   13.313313313313316       -1.9288932417195170     
   13.353353353353356       -1.9646852408948743     
   13.393393393393396       -2.0016089280984075     
   13.433433433433436       -2.0396179517673336     
   13.473473473473476       -2.0786642205546872     
   13.513513513513516       -2.1186979804192956     
   13.553553553553556       -2.1596678943810454     
   13.593593593593596       -2.2015211248135769     
   13.633633633633636       -2.2442034181425048     
   13.673673673673676       -2.2876591918133919     
   13.713713713713716       -2.3318316233900589     
   13.753753753753756       -2.3766627416404211     
   13.793793793793796       -2.4220935194638264     
   13.833833833833836       -2.4680639685109482     
   13.873873873873876       -2.5145132353445456     
   13.913913913913916       -2.5613796989869511     
   13.953953953953956       -2.6086010696979245     
   13.993993993993996       -2.6561144888245187     
   14.034034034034036       -2.7038566295629138     
   14.074074074074076       -2.7517637984706904     
   14.114114114114116       -2.7997720375668185     
   14.154154154154156       -2.8478172268557045     
   14.194194194194196       -2.8958351871109409     
   14.234234234234236       -2.9437617827540068     
   14.274274274274276       -2.9915330246629992     
   14.314314314314316       -3.0390851727465931     
   14.354354354354356       -3.0863548381188139     
   14.394394394394396       -3.1332790847108258     
   14.434434434434436       -3.1797955301568610     
   14.474474474474476       -3.2258424457925665     
   14.514514514514516       -3.2713588556054765     
   14.554554554554556       -3.3162846339789867     
   14.594594594594597       -3.3605606020731553     
   14.634634634634637       -3.4041286226878298     
   14.674674674674677       -3.4469316934560337     
   14.714714714714717       -3.4889140382182235     
   14.754754754754757       -3.5300211964309560     
   14.794794794794797       -3.5702001104666223     
   14.834834834834837       -3.6093992106643316     
   14.874874874874877       -3.6475684979955956     
   14.914914914914917       -3.6846596242122973     
   14.954954954954957       -3.7206259693484860     
   14.994994994994997       -3.7554227164517400     
   15.035035035035037       -3.7890069234243269     
   15.075075075075077       -3.8213375918589794     
   15.115115115115117       -3.8523757327589592     
   15.155155155155157       -3.8820844290370555     
   15.195195195195197       -3.9104288946933274     
   15.235235235235237       -3.9373765305767363     
   15.275275275275277       -3.9628969766412809     
   15.315315315315317       -3.9869621606128636     
   15.355355355355357       -4.0095463429888873     
   15.395395395395397       -4.0306261582984311     
   15.435435435435437       -4.0501806525568869     
   15.475475475475477       -4.0681913168549970     
   15.515515515515517       -4.0846421170284621     
   15.555555555555557       -4.0995195193605589     
   15.595595595595597       -4.1128125122765562     
   15.635635635635637       -4.1245126239951748     
   15.675675675675677       -4.1346139361087637     
   15.715715715715717       -4.1431130930704576     
   15.755755755755757       -4.1500093075730877     
   15.795795795795797       -4.1553043618112220     
   15.835835835835837       -4.1590026046243329     
   15.875875875875877       -4.1611109445256416     
   15.915915915915917       -4.1616388386278356     
   15.955955955955957       -4.1605982774834116     
   15.995995995995997       -4.1580037658639259     
   16.036036036036037       -4.1538722995089872     
   16.076076076076077       -4.1482233378822411     
   16.116116116116117       -4.1410787729780312     
   16.156156156156158       -4.1324628942287438     
   16.196196196196198       -4.1224023495690680     
   16.236236236236238       -4.1109261027196116     
   16.276276276276278       -4.0980653867583250     
   16.316316316316318       -4.0838536540541703     
   16.356356356356358       -4.0683265226432894     
   16.396396396396398       -4.0515217191336248     
   16.436436436436438       -4.0334790182295190     
   16.476476476476478       -4.0142401789732380     
   16.516516516516518       -3.9938488778056183     
   16.556556556556558       -3.9723506385531402     
   16.596596596596598       -3.9497927594536595     
   16.636636636636638       -3.9262242373377787     
   16.676676676676678       -3.9016956890873846     
   16.716716716716718       -3.8762592704972607     
   16.756756756756758       -3.8499685926698382     
   16.796796796796798       -3.8228786360770988     
   16.836836836836838       -3.7950456624273969     
   16.876876876876878       -3.7665271244784666     
   16.916916916916918       -3.7373815739411871     
   16.956956956956958       -3.7076685676217429     
   16.996996996996998       -3.6774485719526191     
   17.037037037037038       -3.6467828660654775     
   17.077077077077078       -3.6157334435612829     
   17.117117117117118       -3.5843629131351404     
   17.157157157157158       -3.5527343982151462     
   17.197197197197198       -3.5209114357761218     
   17.237237237237238       -3.4889578744904393     
   17.277277277277278       -3.4569377723791996     
   17.317317317317318       -3.4249152941278216     
   17.357357357357358       -3.3929546082306556     
   17.397397397397398       -3.3611197841294871     
   17.437437437437438       -3.3294746895108216     
   17.477477477477478       -3.2980828879265829     
   17.517517517517518       -3.2670075369023333     
   17.557557557557558       -3.2363112866963535     
   17.597597597597598       -3.2060561798718648     
   17.637637637637638       -3.1763035518433815     
   17.677677677677679       -3.1471139325566182     
   17.717717717717719       -3.1185469494595499     
   17.757757757757759       -3.0906612319201767     
   17.797797797797799       -3.0635143172441919     
   17.837837837837839       -3.0371625584432236     
   17.877877877877879       -3.0116610339014827     
   17.917917917917919       -2.9870634590856300     
   17.957957957957959       -2.9634221004393875     
   17.997997997997999       -2.9407876916009164     
   18.038038038038039       -2.9192093520772735     
   18.078078078078079       -2.8987345085063003     
   18.118118118118119       -2.8794088186321658     
   18.158158158158159       -2.8612760981164329     
   18.198198198198199       -2.8443782503019612     
   18.238238238238239       -2.8287551990422428     
   18.278278278278279       -2.8144448247038389     
   18.318318318318319       -2.8014829034445050     
   18.358358358358359       -2.7899030498643502     
   18.398398398398399       -2.7797366631219420     
   18.438438438438439       -2.7710128766017550     
   18.478478478478479       -2.7637585112136245     
   18.518518518518519       -2.7579980323990818     
   18.558558558558559       -2.7537535109134796     
   18.598598598598599       -2.7510445874467777     
   18.638638638638639       -2.7498884411397033     
   18.678678678678679       -2.7502997620457461     
   18.718718718718719       -2.7522907275831425     
   18.758758758758759       -2.7558709830145873     
   18.798798798798799       -2.7610476259859684     
   18.838838838838839       -2.7678251951489070     
   18.878878878878879       -2.7762056628853422     
   18.918918918918919       -2.7861884321458179     
   18.958958958958959       -2.7977703374065537     
   18.998998998998999       -2.8109456497437426     
   19.039039039039039       -2.8257060860169689     
   19.079079079079079       -2.8420408221469993     
   19.119119119119119       -2.8599365104666834     
   19.159159159159159       -2.8793773011171395     
   19.199199199199199       -2.9003448674549266     
   19.239239239239240       -2.9228184354294862     
   19.279279279279280       -2.9467748168837478     
   19.319319319319320       -2.9721884467245285     
   19.359359359359360       -2.9990314239031375     
   19.399399399399400       -3.0272735561404960     
   19.439439439439440       -3.0568824083250767     
   19.479479479479480       -3.0878233545060865     
   19.519519519519520       -3.1200596333985358     
   19.559559559559560       -3.1535524073112398     
   19.599599599599600       -3.1882608244032693     
   19.639639639639640       -3.2241420841690704     
   19.679679679679680       -3.2611515060472760     
   19.719719719719720       -3.2992426010432210     
   19.759759759759760       -3.3383671462503717     
   19.799799799799800       -3.3784752621511895     
   19.839839839839840       -3.4195154925735300     
   19.879879879879880       -3.4614348871744074     
   19.919919919919920       -3.5041790863188949     
   19.959959959959960       -3.5476924082181114     
   20.000000000000000       -3.5919179381866080     
