   9.95032117E-03   2.25444460       1.93730175       1.81969881       6.90875483       6.90875483       6.90875483       6.90875483       6.62609529       1.73695123       3.35968065       2.94706702       9.95032117E-03   9.95032117E-03   9.95032117E-03   9.95032117E-03
   1.30562651       2.12823176       1.20297229      0.963174284      0.824175417      0.760805786       2.84490943       6.90875483       6.90875483       2.67827797       2.80940270       2.74148488       2.12465382       2.15176225       1.91397715       9.95032117E-03
   1.04027665       1.74745917       1.73342383       2.18605113       3.29694748       3.90257859       4.93130350       6.90875483       6.90875483       6.90875483       6.90875483       2.75174809       1.82131827       2.45444751       2.06178665       9.95032117E-03
  0.765467882       1.88706970       3.79683661       6.90876484       3.54327559       4.66513586       2.75238609       6.90875483       6.90875483       6.90875483       4.66513586       3.54327559       2.75429749       2.69124317       1.74919987       9.95032117E-03
   9.95032117E-03   1.89311194       1.79840398       1.82131827       2.75174809       6.90875483       6.90875483       6.90875483       6.90875483       6.90875483       6.90875483       3.65221548       6.90876484       3.79683661       1.73518920       1.88555336    
   9.95032117E-03   1.90061390       2.15176225       2.12465382       2.74148488       2.80940270       2.67827797       6.90875483       6.90875483       4.93130350       3.90257859       3.29694748       3.00963521       1.78002417       1.76473081       2.52492833    
   9.95032117E-03   2.92477322       9.95032117E-03   9.95032117E-03   2.94706702       3.35968065       1.73695123       6.62609529       6.90875483       2.84490943      0.760805786      0.824175417      0.963174284       1.20297229       2.12823176       2.02683163    
   9.95032117E-03   3.02431965       2.19165349       3.07223034       6.90875483       6.90875483       6.90875483       6.90875483       6.90875483       6.90875483       6.90875483       6.90875483       1.81969881       1.93730175       2.25444460       3.37553763    
   3.37553763       2.25444460       1.93730175       1.81969881       6.90875483       6.90875483       6.90875483       6.90875483       6.90875483       6.90875483       6.90875483       6.90875483       3.07223034       2.19165349       3.02431965       9.95032117E-03
   2.02683163       2.12823176       1.20297229      0.963174284      0.824175417      0.760805786       2.84490943       6.90875483       6.62609529       1.73695123       3.35968065       2.94706702       9.95032117E-03   9.95032117E-03   2.92477322       9.95032117E-03
   2.52492833       1.76473081       1.78002417       3.00963521       3.29694748       3.90257859       4.93130350       6.90875483       6.90875483       2.67827797       2.80940270       2.74148488       2.12465382       2.15176225       1.90061390       9.95032117E-03
   1.88555336       1.73518920       3.79683661       6.90876484       3.65221548       6.90875483       6.90875483       6.90875483       6.90875483       6.90875483       6.90875483       2.75174809       1.82131827       1.79840398       1.89311194       9.95032117E-03
   9.95032117E-03   1.74919987       2.69124317       2.75429749       3.54327559       4.66513586       6.90875483       6.90875483       6.90875483       2.75238609       4.66513586       3.54327559       6.90876484       3.79683661       1.88706970      0.765467882    
   9.95032117E-03   2.06178665       2.45444751       1.82131827       2.75174809       6.90875483       6.90875483       6.90875483       6.90875483       4.93130350       3.90257859       3.29694748       2.18605113       1.73342383       1.74745917       1.04027665    
   9.95032117E-03   1.91397715       2.15176225       2.12465382       2.74148488       2.80940270       2.67827797       6.90875483       6.90875483       2.84490943      0.760805786      0.824175417      0.963174284       1.20297229       2.12823176       1.30562651    
   9.95032117E-03   9.95032117E-03   9.95032117E-03   9.95032117E-03   2.94706702       3.35968065       1.73695123       6.62609529       6.90875483       6.90875483       6.90875483       6.90875483       1.81969881       1.93730175       2.25444460       9.95032117E-03
