 Initial value:  -3.0000000000000000     
  -2.0865384615384617       -6.7475045872212114     
  -1.5270869462922418       -1.7840714769123958     
  -1.2295425251249998      -0.37924890581932913     
  -1.1222683810515877       -4.1213291250540962E-002
  -1.1074352336545761       -7.3750845966680245E-004
  -1.1071599657044155       -2.5171836615101029E-007
  -1.1071598716887785       -2.9309887850104133E-014
  -1.1071598716887676        0.0000000000000000     
 Initial value:  -2.6842105263157894     
  -1.8884054229904241       -4.5957900243193741     
  -1.4145259280098319       -1.1657758045514290     
  -1.1814943112829774      -0.21778763384540745     
  -1.1131749181489370       -1.6225130558978451E-002
  -1.1072042544285428       -1.1883728728223630E-004
  -1.1071598741322481       -6.5421967843093398E-009
  -1.1071598716887676        0.0000000000000000     
  -1.1071598716887676        0.0000000000000000     
 Initial value:  -2.3684210526315788     
  -1.6944968958974265       -2.9209454740656993     
  -1.3108665925376575      -0.69168883783648205     
  -1.1443997055348856      -0.10436415390949927     
  -1.1087677962923237       -4.3136632976095157E-003
  -1.1071630693917480       -8.5615925244919566E-006
  -1.1071598717014526       -3.3963054590913089E-011
  -1.1071598716887676        0.0000000000000000     
  -1.1071598716887676        0.0000000000000000     
 Initial value:  -2.0526315789473686     
  -1.5074619855206794       -1.6681573977620219     
  -1.2207051990932740      -0.34829347638779873     
  -1.1203429542039585       -3.5876046291804409E-002
  -1.1073702616123342       -5.6344689419640659E-004
  -1.1071599265790042       -1.4696362038435495E-007
  -1.1071598716887714       -1.0214051826551440E-014
  -1.1071598716887676        0.0000000000000000     
  -1.1071598716887676        0.0000000000000000     
 Initial value:  -1.7368421052631580     
  -1.3327915021552506      -0.78469027609704245     
  -1.1515278488843204      -0.12541694854234819     
  -1.1094140549901179       -6.0522595627583442E-003
  -1.1071661487992146       -1.6806522529444479E-005
  -1.1071598717376476       -1.3087197991978883E-010
  -1.1071598716887676        0.0000000000000000     
  -1.1071598716887676        0.0000000000000000     
  -1.1071598716887676        0.0000000000000000     
 Initial value:  -1.4210526315789473     
  -1.1840880267481408      -0.22607970725107873     
  -1.1135745918130029       -1.7311767343561879E-002
  -1.1072103110065568       -1.3505513098666100E-004
  -1.1071598748446014       -8.4494575780524883E-009
  -1.1071598716887676        0.0000000000000000     
  -1.1071598716887676        0.0000000000000000     
  -1.1071598716887676        0.0000000000000000     
  -1.1071598716887676        0.0000000000000000     
 Initial value:  -1.1052631578947369     
  -1.1071643505854032       -1.1991904543817711E-005
  -1.1071598717136537       -6.6630256867483695E-011
  -1.1071598716887676        0.0000000000000000     
  -1.1071598716887676        0.0000000000000000     
  -1.1071598716887676        0.0000000000000000     
  -1.1071598716887676        0.0000000000000000     
  -1.1071598716887676        0.0000000000000000     
  -1.1071598716887676        0.0000000000000000     
 Initial value: -0.78947368421052611     
  -1.4188317130405637       -1.1873948983400531     
  -1.1832024368472187      -0.22324312002413205     
  -1.1134368693017875       -1.6937205490042517E-002
  -1.1072081807678382       -1.2935091207366689E-004
  -1.1071598745836770       -7.7508566231898612E-009
  -1.1071598716887676        0.0000000000000000     
  -1.1071598716887676        0.0000000000000000     
  -1.1071598716887676        0.0000000000000000     
 Initial value: -0.47368421052631593     
   1.4151427297056225        1.6688630627299639     
   1.0818957700044260       0.43446155958662014     
  0.90890657618640802        9.1951293647701160E-002
  0.84670728617406377        1.0308367917799321E-002
  0.83774924983555976        2.0311682261409114E-004
  0.83756551209297569        8.4839930414304376E-008
  0.83756543528333649        1.4765966227514582E-014
  0.83756543528332317        1.1102230246251565E-016
 Initial value: -0.15789473684210531     
  0.27871887803340689       -7.0668213528867763E-003
  0.26950465850352401        7.0208933848597832E-005
  0.26959442807225198        6.5161943341163209E-009
  0.26959443640544450        5.5511151231257827E-017
  0.26959443640544456        0.0000000000000000     
  0.26959443640544456        0.0000000000000000     
  0.26959443640544456        0.0000000000000000     
  0.26959443640544456        0.0000000000000000     
 Initial value:  0.15789473684210531     
  0.26170028364323983        6.2227937473534334E-003
  0.26953223984800750        4.8638132049444449E-005
  0.26959443240544811        3.1278233059151006E-009
  0.26959443640544456        0.0000000000000000     
  0.26959443640544456        0.0000000000000000     
  0.26959443640544456        0.0000000000000000     
  0.26959443640544456        0.0000000000000000     
  0.26959443640544456        0.0000000000000000     
 Initial value:  0.47368421052631593     
  0.11451828724353202       0.13698355574735205     
  0.25711195029931955        9.8848349808851876E-003
  0.26944209555652354        1.1914268650439763E-004
  0.26959441241811616        1.8757048303452706E-008
  0.26959443640544395        4.7184478546569153E-016
  0.26959443640544456        0.0000000000000000     
  0.26959443640544456        0.0000000000000000     
  0.26959443640544456        0.0000000000000000     
 Initial value:  0.78947368421052611     
  0.84399094870935298        7.2012928175595459E-003
  0.83765714707342653        1.0132117056271817E-004
  0.83756545441074459        2.1127148031041543E-008
  0.83756543528332383        8.8817841970012523E-016
  0.83756543528332306        0.0000000000000000     
  0.83756543528332306        0.0000000000000000     
  0.83756543528332306        0.0000000000000000     
  0.83756543528332306        0.0000000000000000     
 Initial value:   1.1052631578947372     
  0.91953441295546567       0.10797196660890396     
  0.84926901155168555        1.3272933173477997E-002
  0.83786392931963649        3.2992476854887265E-004
  0.83756563774394066        2.2362748730575532E-007
  0.83756543528341620        1.0291767438275201E-013
  0.83756543528332306        0.0000000000000000     
  0.83756543528332306        0.0000000000000000     
  0.83756543528332306        0.0000000000000000     
 Initial value:   1.4210526315789478     
   1.0852380815126537       0.44289205452957825     
  0.91040479965996890        9.4172291546971154E-002
  0.84705356263848686        1.0707146608427198E-002
  0.83776319048121362        2.1852829634749771E-004
  0.83756552418073649        9.8191442310380239E-008
  0.83756543528334104        1.9872992140790302E-014
  0.83756543528332306        0.0000000000000000     
  0.83756543528332306        0.0000000000000000     
 Initial value:   1.7368421052631575     
   1.2706786322309558        1.0309898205214041     
   1.0024621904430751       0.25494258295822236     
  0.87592671295367630        4.6125960999515714E-002
  0.84049270839287926        3.2548686119103776E-003
  0.83758471661046696        2.1298077293563367E-005
  0.83756543612898737        9.3407648282806122E-010
  0.83756543528332306        0.0000000000000000     
  0.83756543528332306        0.0000000000000000     
 Initial value:   2.0526315789473681     
   1.4645062501565667        1.9265353514021446     
   1.1099945916384211       0.50761641753207831     
  0.92172800453041825       0.11135599109209438     
  0.84982733124450771        1.3923485249787482E-002
  0.83789243258824420        3.6145279086863269E-004
  0.83756567823011907        2.6834644284434717E-007
  0.83756543528345717        1.4810375148499588E-013
  0.83756543528332306        0.0000000000000000     
 Initial value:   2.3684210526315788     
   1.6629078164434536        3.1854686529924443     
   1.2262902784280789       0.86779013912610869     
  0.97915262690958127       0.20960003217484935     
  0.86743860786002636        3.5265345707637286E-002
  0.83939123225363121        2.0250618626330708E-003
  0.83757296701069039        8.3192937382348120E-006
  0.83756543541236539        1.4253342950354408E-010
  0.83756543528332306        0.0000000000000000     
 Initial value:   2.6842105263157894     
   1.8641511902572878        4.8638854114034222     
   1.3480988774565077        1.3518963659468315     
   1.0444460399268658       0.34490623219952221     
  0.89267897182090139        6.8675250440138558E-002
  0.84329460162075021        6.4107999385725201E-003
  0.83763853257713683        8.0752864897171150E-005
  0.83756544743507855        1.3422192468581784E-008
  0.83756543528332339        4.4408920985006262E-016
 Initial value:   3.0000000000000000     
   2.0673076923076925        7.0178714937983644     
   1.4736435929723068        1.9765583217053559     
   1.1152387606651895       0.52184780471962378     
  0.92417477544741056       0.11516199047987230     
  0.85046152691911991        1.4664375944478558E-002
  0.83792631260980754        3.9893345747377129E-004
  0.83756573114373933        3.2679212536024238E-007
  0.83756543528352212        2.1982415887578100E-013
