 -0.1000000000000000E-01 -0.1000000000000000E-01 -0.9998166772496793E-02  0.9994500529144209    
 -0.2000000000000000E-01 -0.2000000000000000E-01 -0.1998533671958937E-01  0.9978008465229480    
 -0.3000000000000000E-01 -0.3000000000000000E-01 -0.2995052571048463E-01  0.9950542846131637    
 -0.4000000000000000E-01 -0.4000000000000000E-01 -0.3988277498745137E-01  0.9912135374714904    
 -0.5000000000000000E-01 -0.5000000000000000E-01 -0.4977116381197336E-01  0.9862830378479109    
 -0.6000000000000000E-01 -0.6000000000000000E-01 -0.5960482206251377E-01  0.9802684753146540    
 -0.7000000000000001E-01 -0.7000000000000001E-01 -0.6937294276786884E-01  0.9731767890269081    
 -0.8000000000000000E-01 -0.8000000000000000E-01 -0.7906479456018109E-01  0.9650161588959061    
 -0.9000000000000000E-01 -0.9000000000000000E-01 -0.8866973403179662E-01  0.9557959951869898    
 -0.1000000000000000     -0.9999999999999999E-01 -0.9817721798028918E-01  0.9455269265575056    
 -0.1100000000000000     -0.1100000000000000     -0.1075768155261324      0.9342207865516065    
 -0.1200000000000000     -0.1200000000000000     -0.1168582200876839      0.9218905985712255    
 -0.1300000000000000     -0.1300000000000000     -0.1260112611983486      0.9085505593446512    
 -0.1400000000000000     -0.1400000000000000     -0.1350259161510128      0.8942160209162628    
 -0.1500000000000000     -0.1500000000000000     -0.1438923214550878      0.8789034711830722    
 -0.1600000000000000     -0.1600000000000000     -0.1526007840917671      0.8626305130057728    
 -0.1700000000000000     -0.1700000000000000     -0.1611417925533896      0.8454158419239977    
 -0.1800000000000000     -0.1800000000000000     -0.1695060276531083      0.8272792225074498    
 -0.1900000000000000     -0.1900000000000000     -0.1776843730913876      0.8082414633764732    
 -0.2000000000000000     -0.2000000000000000     -0.1856679257662012      0.7883243909274898    
 -0.2100000000000000     -0.2100000000000000     -0.1934480058141627      0.7675508218005238    
 -0.2200000000000000     -0.2200000000000001     -0.2010161663702038      0.7459445341277741    
 -0.2300000000000000     -0.2300000000000001     -0.2083642030338114      0.7235302376038741    
 -0.2400000000000000     -0.2400000000000001     -0.2154841630302524      0.7003335424200892    
 -0.2500000000000000     -0.2500000000000001     -0.2223683540556405      0.6763809271062474    
 -0.2600000000000000     -0.2600000000000001     -0.2290093527951503      0.6516997053256802    
 -0.2700000000000000     -0.2700000000000001     -0.2354000131041390      0.6263179916698485    
 -0.2800000000000000     -0.2800000000000001     -0.2415334738424126      0.6002646665006672    
 -0.2900000000000000     -0.2900000000000001     -0.2474031663523587      0.5735693398897951    
 -0.3000000000000000     -0.3000000000000001     -0.2530028215721664      0.5462623147053342    
 -0.3100000000000000     -0.3100000000000001     -0.2583264767758650      0.5183745488974876    
 -0.3200000000000000     -0.3200000000000001     -0.2633684819324323      0.4899376170357385    
 -0.3300000000000000     -0.3300000000000001     -0.2681235056767552      0.4609836711510549    
 -0.3400000000000000     -0.3400000000000001     -0.2725865408857635      0.4315454009374754    
 -0.3500000000000000     -0.3500000000000001     -0.2767529098536056      0.4016559933682041    
 -0.3600000000000000     -0.3600000000000002     -0.2806182690602903      0.3713490917820231    
 -0.3700000000000000     -0.3700000000000002     -0.2841786135287793      0.3406587544964318    
 -0.3800000000000000     -0.3800000000000002     -0.2874302807660810      0.3096194130044330    
 -0.3900000000000000     -0.3900000000000002     -0.2903699542844699      0.2782658298123057    
 -0.4000000000000000     -0.4000000000000002     -0.2929946666995283      0.2466330559760455    
 -0.4100000000000000     -0.4100000000000002     -0.2953018024022878      0.2147563883943937    
 -0.4200000000000000     -0.4200000000000002     -0.2972890998033246      0.1826713269165428    
 -0.4300000000000000     -0.4300000000000002     -0.2989546531472493      0.1504135313226696    
 -0.4400000000000000     -0.4400000000000002     -0.3002969138966071      0.1180187782354336    
 -0.4500000000000000     -0.4500000000000002     -0.3013146916847902      0.8552291802047343E-01
 -0.4600000000000000     -0.4600000000000002     -0.3020071548381414      0.5296183173373949E-01
 -0.4700000000000000     -0.4700000000000003     -0.3023738304680046      0.2037138817322301E-01
 -0.4800000000000000     -0.4800000000000003     -0.3024146041340539     -0.1221259890772163E-01
 -0.4900000000000000     -0.4900000000000003     -0.3021297190807996     -0.4475441336871631E-01
 -0.5000000000000000     -0.5000000000000002     -0.3015197750497377     -0.7721847897614718E-01
 -0.5100000000000000     -0.5100000000000002     -0.3005857266701660     -0.1095694013668047    
 -0.5200000000000000     -0.5200000000000002     -0.2993288814322435     -0.1417720096264760    
 -0.5300000000000000     -0.5300000000000002     -0.2977508972464147     -0.1737913974293682    
 -0.5400000000000000     -0.5400000000000003     -0.2958537795938587     -0.2055929636850941    
 -0.5500000000000000     -0.5500000000000003     -0.2936398782731482     -0.2371424526408860    
 -0.5600000000000001     -0.5600000000000003     -0.2911118837488250     -0.2684059933877093    
 -0.5700000000000001     -0.5700000000000003     -0.2882728231081043     -0.2993501387200243    
 -0.5800000000000000     -0.5800000000000003     -0.2851260556324189     -0.3299419033000983    
 -0.5900000000000000     -0.5900000000000003     -0.2816752679909973     -0.3601488010789843    
 -0.6000000000000000     -0.6000000000000003     -0.2779244690641425     -0.3899388819275711    
 -0.6100000000000000     -0.6100000000000003     -0.2738779844043407     -0.4192807674324527    
 -0.6200000000000000     -0.6200000000000003     -0.2695404503437689     -0.4481436858127799    
 -0.6300000000000000     -0.6300000000000003     -0.2649168077572076     -0.4764975059157204    
 -0.6400000000000000     -0.6400000000000003     -0.2600122954897752     -0.5043127702496812    
 -0.6500000000000000     -0.6500000000000004     -0.2548324434593075     -0.5315607270160227    
 -0.6600000000000000     -0.6600000000000004     -0.2493830654435834     -0.5582133611016233    
 -0.6700000000000000     -0.6700000000000004     -0.2436702515629721     -0.5842434239963281    
 -0.6800000000000000     -0.6800000000000004     -0.2377003604694253     -0.6096244626010369    
 -0.6900000000000001     -0.6900000000000004     -0.2314800112530701     -0.6343308468939479    
 -0.7000000000000001     -0.7000000000000004     -0.2250160750779783     -0.6583377964242750    
 -0.7100000000000000     -0.7100000000000004     -0.2183156665589820     -0.6816214056045928    
 -0.7200000000000000     -0.7200000000000004     -0.2113861348916855     -0.7041586677748322    
 -0.7300000000000000     -0.7300000000000004     -0.2042350547480846     -0.7259274980128481    
 -0.7400000000000000     -0.7400000000000004     -0.1968702169504440     -0.7469067546684049    
 -0.7500000000000000     -0.7500000000000004     -0.1892996189363080     -0.7670762595993715    
 -0.7600000000000000     -0.7600000000000005     -0.1815314550277184     -0.7864168170908846    
 -0.7700000000000000     -0.7700000000000005     -0.1735741065178986     -0.8049102314402234    
 -0.7800000000000000     -0.7800000000000005     -0.1654361315888258     -0.8225393231921322    
 -0.7900000000000000     -0.7900000000000005     -0.1571262550732521     -0.8392879440113350    
 -0.8000000000000000     -0.8000000000000005     -0.1486533580748641     -0.8551409901809983    
 -0.8100000000000001     -0.8100000000000005     -0.1400264674603662     -0.8700844147179128    
 -0.8200000000000001     -0.8200000000000005     -0.1312547452373596     -0.8841052380971808    
 -0.8300000000000001     -0.8300000000000005     -0.1223474778319494     -0.8971915575812103    
 -0.8400000000000000     -0.8400000000000005     -0.1133140652800550     -0.9093325551498191    
 -0.8500000000000000     -0.8500000000000005     -0.1041640103464185     -0.9205185040302537    
 -0.8600000000000000     -0.8600000000000005     -0.9490690758531230E-01 -0.9307407738279073    
 -0.8700000000000000     -0.8700000000000006     -0.8555243235692392E-01 -0.9399918342604936    
 -0.8800000000000000     -0.8800000000000006     -0.7611032981336428E-01 -0.9482652575003797    
 -0.8900000000000000     -0.8900000000000006     -0.6659040386818427E-01 -0.9555557191317127    
 -0.9000000000000000     -0.9000000000000006     -0.5700250616321145E-01 -0.9618589977308752    
 -0.9100000000000000     -0.9100000000000006     -0.4735652504642307E-01 -0.9671719730806849    
 -0.9200000000000000     -0.9200000000000006     -0.3766237457445792E-01 -0.9714926230305961    
 -0.9300000000000000     -0.9300000000000006     -0.2792998355323832E-01 -0.9748200190169782    
 -0.9400000000000001     -0.9400000000000006     -0.1816928463002361E-01 -0.9771543202593210    
 -0.9500000000000001     -0.9500000000000006     -0.8390203450049372E-02 -0.9784967666499603    
 -0.9600000000000000     -0.9600000000000006      0.1397352109277893E-02 -0.9788496703566140    
 -0.9700000000000000     -0.9700000000000006      0.1118350261386211E-01 -0.9782164061586783    
 -0.9800000000000000     -0.9800000000000006      0.2095840764552408E-01 -0.9766014005398458    
 -0.9900000000000000     -0.9900000000000007      0.3071227625941560E-01 -0.9740101195611689    
  -1.000000000000000      -1.000000000000001      0.4043537731417271E-01 -0.9704490555402142    
  -1.010000000000000      -1.010000000000001      0.5011804966300318E-01 -0.9659257125634105    
  -1.020000000000000      -1.020000000000001      0.5975071219418184E-01 -0.9604485908601101    
  -1.030000000000000      -1.030000000000001      0.6932387370971888E-01 -0.9540271700682373    
  -1.040000000000000      -1.040000000000001      0.7882814263127202E-01 -0.9466718914226981    
  -1.050000000000000      -1.050000000000001      0.8825423652269117E-01 -0.9383941388989672    
  -1.060000000000000      -1.060000000000001      0.9759299141891421E-01 -0.9292062193454509    
  -1.070000000000000      -1.070000000000001      0.1068353709512747     -0.9191213416393472    
  -1.080000000000000      -1.080000000000001      0.1159724752596343     -0.9081535949017807    
  -1.090000000000000      -1.090000000000001      0.1249955496821153     -0.8963179258089906    
  -1.100000000000000      -1.100000000000001      0.1338959932135831     -0.8836301150372792    
  -1.110000000000000      -1.110000000000001      0.1426653667244061     -0.8701067528802963    
  -1.120000000000000      -1.120000000000001      0.1512954009314146     -0.8557652140780390    
  -1.130000000000000      -1.130000000000001      0.1597780041133754     -0.8406236318976766    
  -1.140000000000000      -1.140000000000001      0.1681052695637023     -0.8247008715069845    
  -1.150000000000000      -1.150000000000001      0.1762694827735377     -0.8080165026817669    
  -1.160000000000000      -1.160000000000001      0.1842631283387512     -0.7905907718891871    
  -1.170000000000000      -1.170000000000001      0.1920788965848290     -0.7724445737893839    
  -1.180000000000000      -1.180000000000001      0.1997096899040479     -0.7535994221981571    
  -1.190000000000000      -1.190000000000001      0.2071486287997612     -0.7340774205538317    
  -1.200000000000000      -1.200000000000001      0.2143890576330555     -0.7139012319316738    
  -1.210000000000000      -1.210000000000001      0.2214245500674698     -0.6930940486494289    
  -1.220000000000000      -1.220000000000001      0.2282489142079085     -0.6716795615076823    
  -1.230000000000000      -1.230000000000001      0.2348561974303141     -0.6496819287088001    
  -1.240000000000000      -1.240000000000001      0.2412406908991041     -0.6271257444982143    
  -1.250000000000000      -1.250000000000001      0.2473969337698159     -0.6040360075717385    
  -1.260000000000000      -1.260000000000001      0.2533197170748352     -0.5804380892924764    
  -1.270000000000000      -1.270000000000001      0.2590040872905225     -0.5563577017606872    
  -1.280000000000000      -1.280000000000001      0.2644453495844838     -0.5318208657797127    
  -1.290000000000000      -1.290000000000001      0.2696390707421579     -0.5068538787607562    
  -1.300000000000000      -1.300000000000001      0.2745810817723233     -0.4814832826089236    
  -1.310000000000000      -1.310000000000001      0.2792674801915472     -0.4557358316324987    
  -1.320000000000000      -1.320000000000001      0.2836946319880162     -0.4296384605169314    
  -1.330000000000000      -1.330000000000001      0.2878591732656006     -0.4032182524044701    
  -1.340000000000000      -1.340000000000001      0.2917580115694129     -0.3765024071197592    
  -1.350000000000000      -1.350000000000001      0.2953883268945161     -0.3495182095810729    
  -1.360000000000000      -1.360000000000001      0.2987475723798366     -0.3222929984361413    
  -1.370000000000000      -1.370000000000001      0.3018334746897168     -0.2948541349607725    
  -1.380000000000000      -1.380000000000001      0.3046440340859243     -0.2672289722576671    
  -1.390000000000000      -1.390000000000001      0.3071775241933035     -0.2394448247919697    
  -1.400000000000000      -1.400000000000001      0.3094324914626143     -0.2115289382992107    
  -1.410000000000000      -1.410000000000001      0.3114077543344579     -0.1835084601003517    
  -1.420000000000000      -1.420000000000001      0.3131024021085296     -0.1554104098576724    
  -1.430000000000000      -1.430000000000001      0.3145157935227708     -0.1272616508042255    
  -1.440000000000000      -1.440000000000001      0.3156475550473167     -0.9908886147853059E-01
  -1.450000000000000      -1.450000000000001      0.3164975788984444     -0.7091850799509966E-01
  -1.460000000000000      -1.460000000000001      0.3170660207780288     -0.4277681688026837E-01
  -1.470000000000000      -1.470000000000001      0.3173532973443022     -0.1468974850166321E-01
  -1.480000000000000      -1.480000000000001      0.3173600834199902      0.1331702888153660E-01
  -1.490000000000000      -1.490000000000001      0.3170873089441626      0.4121816442158123E-01
  -1.500000000000000      -1.500000000000001      0.3165361556743924      0.6898864931363495E-01
  -1.510000000000000      -1.510000000000001      0.3157080536460554      0.9660384073226193E-01
  -1.520000000000000      -1.520000000000001      0.3146046773958334      0.1240394850506710    
  -1.530000000000000      -1.530000000000001      0.3132279419566992      0.1512717403217523    
  -1.540000000000000      -1.540000000000001      0.3115799986318642      0.1782771980012262    
  -1.550000000000000      -1.550000000000001      0.3096632305553619      0.2050329038945294    
  -1.560000000000000      -1.560000000000001      0.3074802480471147      0.2315163783103681    
  -1.570000000000000      -1.570000000000001      0.3050338837704988      0.2577056354051906    
  -1.580000000000000      -1.580000000000001      0.3023271877005698      0.2835792017041519    
  -1.590000000000000      -1.590000000000001      0.2993634219112514      0.3091161337854699    
  -1.600000000000000      -1.600000000000001      0.2961460551899139      0.3342960351163999    
  -1.610000000000000      -1.610000000000001      0.2926787574878777      0.3590990720303782    
  -1.620000000000000      -1.620000000000001      0.2889653942154795      0.3835059888362111    
  -1.630000000000000      -1.630000000000001      0.2850100203904181      0.4074981220515017    
  -1.640000000000000      -1.640000000000001      0.2808168746481737      0.4310574137538152    
  -1.650000000000000      -1.650000000000001      0.2763903731233479      0.4541664240443885    
  -1.660000000000000      -1.660000000000001      0.2717351032108210      0.4768083426204767    
  -1.670000000000000      -1.670000000000001      0.2668558172156549      0.4989669994537084    
  -1.680000000000000      -1.680000000000001      0.2617574259006876      0.5206268745730823    
  -1.690000000000000      -1.690000000000001      0.2564449919407759      0.5417731069524864    
  -1.700000000000000      -1.700000000000001      0.2509237232926364      0.5623915025038460    
  -1.710000000000000      -1.710000000000001      0.2451989664892175      0.5824685411782179    
  -1.720000000000000      -1.720000000000001      0.2392761998675068      0.6019913831783331    
  -1.730000000000000      -1.730000000000001      0.2331610267386365      0.6209478742872547    
  -1.740000000000000      -1.740000000000001      0.2268591685090983      0.6393265503189579    
  -1.750000000000000      -1.750000000000001      0.2203764577618146      0.6571166406977526    
  -1.760000000000000      -1.760000000000001      0.2137188313057376      0.6743080711745558    
  -1.770000000000000      -1.770000000000001      0.2068923232025651      0.6908914656890801    
  -1.780000000000000      -1.780000000000001      0.1999030577790624      0.7068581473880319    
  -1.790000000000000      -1.790000000000001      0.1927572426333767      0.7222001388104137    
  -1.800000000000000      -1.800000000000001      0.1854611616436132      0.7369101612519893    
  -1.810000000000000      -1.810000000000001      0.1780211679868167      0.7509816333219053    
  -1.820000000000000      -1.820000000000001      0.1704436771763689      0.7644086687053622    
  -1.830000000000000      -1.830000000000001      0.1627351601256673      0.7771860731470944    
  -1.840000000000000      -1.840000000000001      0.1549021362458011      0.7893093406712475    
  -1.850000000000000      -1.850000000000001      0.1469511665847779      0.8007746490540371    
  -1.860000000000000      -1.860000000000001      0.1388888470156895      0.8115788545663294    
  -1.870000000000000      -1.870000000000001      0.1307218014810270      0.8217194860040056    
  -1.880000000000000      -1.880000000000001      0.1224566753001775      0.8311947380246522    
  -1.890000000000000      -1.890000000000001      0.1141001285469420      0.8400034638097675    
  -1.900000000000000      -1.900000000000001      0.1056588295037216      0.8481451670722767    
  -1.910000000000000      -1.910000000000001      0.9713944819881724E-01  0.8556199934297172    
  -1.920000000000000      -1.920000000000001      0.8854865003308232E-01  0.8624287211639825    
  -1.930000000000000      -1.930000000000001      0.7989308950195670E-01  0.8685727513890045    
  -1.940000000000000      -1.940000000000002      0.7117940401869292E-01  0.8740540976481982    
  -1.950000000000000      -1.950000000000002      0.6241420784436687E-01  0.8788753749639096    
  -1.960000000000000      -1.960000000000002      0.5360408613003986E-01  0.8830397883614728    
  -1.970000000000000      -1.970000000000002      0.4475558907621161E-01  0.8865511208908188    
  -1.980000000000000      -1.980000000000002      0.3587522621447281E-01  0.8894137211688670    
  -1.990000000000000      -1.990000000000002      0.2696946081603190E-01  0.8916324904661880    
  -2.000000000000000      -2.000000000000001      0.1804470443155533E-01  0.8932128693616408    
  -2.010000000000000      -2.010000000000001      0.9107311566522077E-02  0.8941608239888634    
  -2.020000000000000      -2.020000000000001      0.1635744960539458E-03  0.8944828318986386    
  -2.030000000000000      -2.030000000000001     -0.8780281777057600E-02  0.8941858675612571    
  -2.040000000000000      -2.040000000000000     -0.1771810441764903E-01  0.8932773875330670    
  -2.050000000000000      -2.050000000000000     -0.2664381750356968E-01  0.8917653153114284    
  -2.060000000000000      -2.060000000000000     -0.3555142661815910E-01  0.8896580259022856    
  -2.070000000000000      -2.070000000000000     -0.4443502328706404E-01  0.8869643301245284    
  -2.080000000000000      -2.080000000000000     -0.5328878925688334E-01  0.8836934586752417    
  -2.090000000000000      -2.089999999999999     -0.6210700061336989E-01  0.8798550459798303    
  -2.100000000000000      -2.099999999999999     -0.7088403173715749E-01  0.8754591138508677    
  -2.110000000000000      -2.109999999999999     -0.7961435909521872E-01  0.8705160549793445    
  -2.120000000000000      -2.119999999999999     -0.8829256486649500E-01  0.8650366162817873    
  -2.130000000000000      -2.129999999999999     -0.9691334040037432E-01  0.8590318821264868    
  -2.140000000000000      -2.139999999999998     -0.1054714895069224      0.8525132574618095    
  -2.150000000000000      -2.149999999999998     -0.1139619315780024      0.8454924508692764    
  -2.160000000000000      -2.159999999999998     -0.1223797045386421      0.8379814575637758    
  -2.170000000000000      -2.169999999999998     -0.1307199676282311      0.8299925423629311    
  -2.180000000000000      -2.179999999999997     -0.1389780040113479      0.8215382226472735    
  -2.190000000000000      -2.189999999999997     -0.1471492232182312      0.8126312513324817    
  -2.200000000000000      -2.199999999999997     -0.1552291634151214      0.8032845998745261    
  -2.210000000000000      -2.209999999999997     -0.1632134935049025      0.7935114413281239    
  -2.220000000000000      -2.219999999999997     -0.1710980150586794      0.7833251334784472    
  -2.230000000000000      -2.229999999999996     -0.1788786640791190      0.7727392020655498    
  -2.240000000000000      -2.239999999999996     -0.1865515125965788      0.7617673241204790    
  -2.250000000000000      -2.249999999999996     -0.1941127700992321      0.7504233114315266    
  -2.260000000000000      -2.259999999999996     -0.2015587847985815      0.7387210941585386    
  -2.270000000000000      -2.269999999999996     -0.2088860447319277      0.7266747046126585    
  -2.280000000000000      -2.279999999999995     -0.2160911787035344      0.7142982612183197    
  -2.290000000000000      -2.289999999999995     -0.2231709570663910      0.7016059526737267    
  -2.300000000000000      -2.299999999999995     -0.2301222923466387      0.6886120223254814    
  -2.310000000000000      -2.309999999999995     -0.2369422397128768      0.6753307527724157    
  -2.320000000000000      -2.319999999999995     -0.2436279972927136      0.6617764507130856    
  -2.330000000000000      -2.329999999999994     -0.2501769063390679      0.6479634320507678    
  -2.340000000000000      -2.339999999999994     -0.2565864512488643      0.6339060072691826    
  -2.350000000000000      -2.349999999999994     -0.2628542594368916      0.6196184670915357    
  -2.360000000000000      -2.359999999999994     -0.2689781010677185      0.6051150684348436    
  -2.370000000000000      -2.369999999999993     -0.2749558886486760      0.5904100206708695    
  -2.380000000000000      -2.379999999999993     -0.2807856764870276      0.5755174722043583    
  -2.390000000000000      -2.389999999999993     -0.2864656600145502      0.5604514973786208    
  -2.400000000000000      -2.399999999999993     -0.2919941749828470      0.5452260837178711    
  -2.410000000000000      -2.409999999999993     -0.2973696965328045      0.5298551195150870    
  -2.420000000000000      -2.419999999999992     -0.3025908381416896      0.5143523817735169    
  -2.430000000000000      -2.429999999999992     -0.3076563504514617      0.4987315245093212    
  -2.440000000000000      -2.439999999999992     -0.3125651199819459      0.4830060674222029    
  -2.450000000000000      -2.449999999999992     -0.3173161677325777      0.4671893849402479    
  -2.460000000000000      -2.459999999999992     -0.3219086476764921      0.4512946956445710    
  -2.470000000000000      -2.469999999999991     -0.3263418451507781      0.4353350520787438    
  -2.480000000000000      -2.479999999999991     -0.3306151751467701      0.4193233309473631    
  -2.490000000000000      -2.489999999999991     -0.3347281805042869      0.4032722237075160    
  -2.500000000000000      -2.499999999999991     -0.3386805300137627      0.3871942275562952    
  -2.510000000000000      -2.509999999999990     -0.3424720164302451      0.3711016368169298    
  -2.520000000000000      -2.519999999999990     -0.3461025544032552      0.3550065347255148    
  -2.530000000000000      -2.529999999999990     -0.3495721783265248      0.3389207856197538    
  -2.540000000000000      -2.539999999999990     -0.3528810401116344      0.3228560275305665    
  -2.550000000000000      -2.549999999999990     -0.3560294068895835      0.3068236651768669    
  -2.560000000000000      -2.559999999999989     -0.3590176586443234      0.2908348633632795    
  -2.570000000000000      -2.569999999999989     -0.3618462857822793      0.2749005407800382    
  -2.580000000000000      -2.579999999999989     -0.3645158866418766      0.2590313642037985    
  -2.590000000000000      -2.589999999999989     -0.3670271649470736      0.2432377430976005    
  -2.600000000000000      -2.599999999999989     -0.3693809272088799      0.2275298246077305    
  -2.610000000000000      -2.609999999999988     -0.3715780800788168      0.2119174889547655    
  -2.620000000000000      -2.619999999999988     -0.3736196276582457      0.1964103452156243    
  -2.630000000000000      -2.629999999999988     -0.3755066687674584      0.1810177274930137    
  -2.640000000000000      -2.639999999999988     -0.3772403941783803      0.1657486914682302    
  -2.650000000000000      -2.649999999999987     -0.3788220838147019      0.1506120113328712    
  -2.660000000000000      -2.659999999999987     -0.3802531039232006      0.1356161770946156    
  -2.670000000000000      -2.669999999999987     -0.3815349042199697      0.1207693922518552    
  -2.680000000000000      -2.679999999999987     -0.3826690150152147      0.1060795718316018    
  -2.690000000000000      -2.689999999999987     -0.3836570443202209      0.9155434078474520E-01
  -2.700000000000000      -2.699999999999986     -0.3845006749400335      0.7720103273241410E-01
  -2.710000000000000      -2.709999999999986     -0.3852016615553307      0.6302668905687764E-01
  -2.720000000000000      -2.719999999999986     -0.3857618277968992      0.4903805833013313E-01
  -2.730000000000000      -2.729999999999986     -0.3861830633160551      0.3524159607304637E-01
  -2.740000000000000      -2.739999999999986     -0.3864673208542777      0.2164346483765059E-01
  -2.750000000000000      -2.749999999999985     -0.3866166133152506      0.8249534604965790E-02
  -2.760000000000000      -2.759999999999985     -0.3866330108424260     -0.4934616509527048E-02
  -2.770000000000000      -2.769999999999985     -0.3865186379051482     -0.1790370125083381E-01
  -2.780000000000000      -2.779999999999985     -0.3862756703962915     -0.3065272192808793E-01
  -2.790000000000000      -2.789999999999984     -0.3859063327442824     -0.4317696883533296E-01
  -2.800000000000000      -2.799999999999984     -0.3854128950422935     -0.5547201839805774E-01
  -2.810000000000000      -2.809999999999984     -0.3847976701973060     -0.6753373105424043E-01
  -2.820000000000000      -2.819999999999984     -0.3840630111016522     -0.7935824887878737E-01
  -2.830000000000000      -2.829999999999984     -0.3832113078295600     -0.9094199296036697E-01
  -2.840000000000000      -2.839999999999983     -0.3822449848611286     -0.1022816605397370    
  -2.850000000000000      -2.849999999999983     -0.3811664983360749     -0.1133742219187476    
  -2.860000000000000      -2.859999999999983     -0.3799783333394988     -0.1242169171492691    
  -2.870000000000000      -2.869999999999983     -0.3786830012218207     -0.1348072525113508    
  -2.880000000000000      -2.879999999999983     -0.3772830369549514     -0.1451429967899513    
  -2.890000000000000      -2.889999999999982     -0.3757809965266639     -0.1552221773596111    
  -2.900000000000000      -2.899999999999982     -0.3741794543750396     -0.1650430760864460    
  -2.910000000000000      -2.909999999999982     -0.3724810008647680     -0.1746042250568400    
  -2.920000000000000      -2.919999999999982     -0.3706882398069877     -0.1839044021422011    
  -2.930000000000000      -2.929999999999982     -0.3688037860242606     -0.1929426264091148    
  -2.940000000000000      -2.939999999999981     -0.3668302629621786     -0.2017181533841914    
  -2.950000000000000      -2.949999999999981     -0.3647703003490098     -0.2102304701828505    
  -2.960000000000000      -2.959999999999981     -0.3626265319046990     -0.2184792905112240    
  -2.970000000000000      -2.969999999999981     -0.3604015931004455     -0.2264645495502816    
  -2.980000000000000      -2.979999999999980     -0.3580981189699912     -0.2341863987312018    
  -2.990000000000000      -2.989999999999980     -0.3557187419736611     -0.2416452004109116    
  -3.000000000000000      -2.999999999999980     -0.3532660899161110     -0.2488415224566159    
  -3.010000000000000      -3.009999999999980     -0.3507427839186485     -0.2557761327480209    
  -3.020000000000000      -3.019999999999980     -0.3481514364469082     -0.2624499936058330    
  -3.030000000000000      -3.029999999999979     -0.3454946493945736     -0.2688642561549816    
  -3.040000000000000      -3.039999999999979     -0.3427750122237608     -0.2750202546308733    
  -3.050000000000000      -3.049999999999979     -0.3399951001625880     -0.2809195006368383    
  -3.060000000000000      -3.059999999999979     -0.3371574724603831     -0.2865636773607722    
  -3.070000000000000      -3.069999999999979     -0.3342646707008954     -0.2919546337588135    
  -3.080000000000000      -3.079999999999978     -0.3313192171738027     -0.2970943787137328    
  -3.090000000000000      -3.089999999999978     -0.3283236133047309     -0.3019850751755265    
  -3.100000000000000      -3.099999999999978     -0.3252803381439252     -0.3066290342915360    
  -3.110000000000000      -3.109999999999978     -0.3221918469136428     -0.3110287095332220    
  -3.120000000000000      -3.119999999999977     -0.3190605696142657     -0.3151866908265343    
  -3.130000000000000      -3.129999999999977     -0.3158889096890639     -0.3191056986926248    
  -3.140000000000000      -3.139999999999977     -0.3126792427474719     -0.3227885784054504    
  -3.150000000000000      -3.149999999999977     -0.3094339153466782     -0.3262382941726114    
  -3.160000000000000      -3.159999999999977     -0.3061552438312652     -0.3294579233455656    
  -3.170000000000000      -3.169999999999976     -0.3028455132305748     -0.3324506506651512    
  -3.180000000000000      -3.179999999999976     -0.2995069762134179     -0.3352197625481397    
  -3.190000000000000      -3.189999999999976     -0.2961418520996910     -0.3377686414203298    
  -3.200000000000000      -3.199999999999976     -0.2927523259284068     -0.3401007601014772    
  -3.210000000000000      -3.209999999999976     -0.2893405475815943     -0.3422196762471441    
  -3.220000000000000      -3.219999999999975     -0.2859086309634767     -0.3441290268523312    
  -3.230000000000000      -3.229999999999975     -0.2824586532342834     -0.3458325228215435    
  -3.240000000000000      -3.239999999999975     -0.2789926540980112     -0.3473339436097225    
  -3.250000000000000      -3.249999999999975     -0.2755126351434046     -0.3486371319382602    
  -3.260000000000000      -3.259999999999974     -0.2720205592373827     -0.3497459885900979    
  -3.270000000000000      -3.269999999999974     -0.2685183499701049     -0.3506644672876934    
  -3.280000000000000      -3.279999999999974     -0.2650078911508269     -0.3513965696574294    
  -3.290000000000000      -3.289999999999974     -0.2614910263536668     -0.3519463402838227    
  -3.300000000000000      -3.299999999999974     -0.2579695585123663     -0.3523178618566816    
  -3.310000000000000      -3.309999999999973     -0.2544452495631042     -0.3525152504141512    
  -3.320000000000000      -3.319999999999973     -0.2509198201343875     -0.3525426506843785    
  -3.330000000000000      -3.329999999999973     -0.2473949492830228     -0.3524042315283256    
  -3.340000000000000      -3.339999999999973     -0.2438722742751437     -0.3521041814860557    
  -3.350000000000000      -3.349999999999973     -0.2403533904112497     -0.3516467044286199    
  -3.360000000000000      -3.359999999999972     -0.2368398508941888     -0.3510360153174749    
  -3.370000000000000      -3.369999999999972     -0.2333331667390025     -0.3502763360731686    
  -3.380000000000000      -3.379999999999972     -0.2298348067235296     -0.3493718915548448    
  -3.390000000000000      -3.389999999999972     -0.2263461973786566     -0.3483269056519261    
  -3.400000000000000      -3.399999999999971     -0.2228687230170840     -0.3471455974891593    
  -3.410000000000000      -3.409999999999971     -0.2194037257994719     -0.3458321777460239    
  -3.420000000000000      -3.419999999999971     -0.2159525058368160     -0.3443908450913334    
  -3.430000000000000      -3.429999999999971     -0.2125163213278987     -0.3428257827336881    
  -3.440000000000000      -3.439999999999971     -0.2090963887306544     -0.3411411550882728    
  -3.450000000000000      -3.449999999999970     -0.2056938829662835     -0.3393411045603324    
  -3.460000000000000      -3.459999999999970     -0.2023099376549478     -0.3374297484455006    
  -3.470000000000000      -3.469999999999970     -0.1989456453818777     -0.3354111759470054    
  -3.480000000000000      -3.479999999999970     -0.1956020579927238     -0.3332894453096298    
  -3.490000000000000      -3.489999999999970     -0.1922801869169860     -0.3310685810701589    
  -3.500000000000000      -3.499999999999969     -0.1889810035183573     -0.3287525714239133    
  -3.510000000000000      -3.509999999999969     -0.1857054394708243     -0.3263453657068300    
  -3.520000000000000      -3.519999999999969     -0.1824543871593712     -0.3238508719924277    
  -3.530000000000000      -3.529999999999969     -0.1792287001041440     -0.3212729548028685    
  -3.540000000000000      -3.539999999999969     -0.1760291934069360     -0.3186154329332128    
  -3.550000000000000      -3.549999999999968     -0.1728566442188703     -0.3158820773878459    
  -3.560000000000000      -3.559999999999968     -0.1697117922281609     -0.3130766094279538    
  -3.570000000000000      -3.569999999999968     -0.1665953401668495     -0.3102026987288158    
  -3.580000000000000      -3.579999999999968     -0.1635079543354249     -0.3072639616455876    
  -3.590000000000000      -3.589999999999967     -0.1604502651442494     -0.3042639595861552    
  -3.600000000000000      -3.599999999999967     -0.1574228676707259     -0.3012061974895493    
  -3.610000000000000      -3.609999999999967     -0.1544263222311611     -0.2980941224083285    
  -3.620000000000000      -3.619999999999967     -0.1514611549662912     -0.2949311221932613    
  -3.630000000000000      -3.629999999999967     -0.1485278584394564     -0.2917205242785616    
  -3.640000000000000      -3.639999999999966     -0.1456268922464285     -0.2884655945658654    
  -3.650000000000000      -3.649999999999966     -0.1427586836359120     -0.2851695364050703    
  -3.660000000000000      -3.659999999999966     -0.1399236281397612     -0.2818354896701017    
  -3.670000000000000      -3.669999999999966     -0.1371220902119730     -0.2784665299276136    
  -3.680000000000000      -3.679999999999966     -0.1343544038755363     -0.2750656676965802    
  -3.690000000000000      -3.689999999999965     -0.1316208733762404     -0.2716358477966928    
  -3.700000000000000      -3.699999999999965     -0.1289217738425632     -0.2681799487834279    
  -3.710000000000000      -3.709999999999965     -0.1262573519507856     -0.2647007824676224    
  -3.720000000000000      -3.719999999999965     -0.1236278265944957     -0.2612010935173528    
  -3.730000000000000      -3.729999999999964     -0.1210333895576725     -0.2576835591398886    
  -3.740000000000000      -3.739999999999964     -0.1184742061905595     -0.2541507888414658    
  -3.750000000000000      -3.749999999999964     -0.1159504160875596     -0.2506053242626023    
  -3.760000000000000      -3.759999999999964     -0.1134621337664104     -0.2470496390866620    
  -3.770000000000000      -3.769999999999964     -0.1110094493479157     -0.2434861390193589    
  -3.780000000000000      -3.779999999999963     -0.1085924292355379     -0.2399171618368840    
  -3.790000000000000      -3.789999999999963     -0.1062111167941756     -0.2363449775003282    
  -3.800000000000000      -3.799999999999963     -0.1038655330274744     -0.2327717883340746    
  -3.810000000000000      -3.809999999999963     -0.1015556772530447     -0.2291997292658294    
  -3.820000000000000      -3.819999999999963     -0.9928152777498012E-01 -0.2256308681259677    
  -3.830000000000000      -3.829999999999962     -0.9704304255309544E-01 -0.2220672060038719    
  -3.840000000000000      -3.839999999999962     -0.9484015986832625E-01 -0.2185106776589541    
  -3.850000000000000      -3.849999999999962     -0.9267279898375419E-01 -0.2149631519840616    
  -3.860000000000000      -3.859999999999962     -0.9054086080074596E-01 -0.2114264325189805    
  -3.870000000000000      -3.869999999999961     -0.8844422850971612E-01 -0.2079022580117705    
  -3.880000000000000      -3.879999999999961     -0.8638276823504687E-01 -0.2043923030256804    
  -3.890000000000000      -3.889999999999961     -0.8435632967371999E-01 -0.2008981785894191    
  -3.900000000000000      -3.899999999999961     -0.8236474672723852E-01 -0.1974214328885774    
  -3.910000000000000      -3.909999999999961     -0.8040783812643752E-01 -0.1939635519960238    
  -3.920000000000000      -3.919999999999960     -0.7848540804880502E-01 -0.1905259606391267    
  -3.930000000000000      -3.929999999999960     -0.7659724672795541E-01 -0.1871100230016810    
  -3.940000000000000      -3.939999999999960     -0.7474313105491875E-01 -0.1837170435584542    
  -3.950000000000000      -3.949999999999960     -0.7292282517093016E-01 -0.1803482679402967    
  -3.960000000000000      -3.959999999999960     -0.7113608105142363E-01 -0.1770048838277964    
  -3.970000000000000      -3.969999999999959     -0.6938263908095491E-01 -0.1736880218714963    
  -3.980000000000000      -3.979999999999959     -0.6766222861879746E-01 -0.1703987566367284    
  -3.990000000000000      -3.989999999999959     -0.6597456855497506E-01 -0.1671381075711580    
  -4.000000000000000      -3.999999999999959     -0.6431936785651303E-01 -0.1639070399931729    
  -4.010000000000000      -4.009999999999959     -0.6269632610370914E-01 -0.1607064660992917    
  -4.020000000000000      -4.019999999999959     -0.6110513401624267E-01 -0.1575372459888082    
  -4.030000000000000      -4.029999999999959     -0.5954547396895821E-01 -0.1544001887039322    
  -4.040000000000000      -4.039999999999958     -0.5801702049717753E-01 -0.1512960532837300    
  -4.050000000000000      -4.049999999999958     -0.5651944079141005E-01 -0.1482255498302131    
  -4.060000000000000      -4.059999999999958     -0.5505239518134840E-01 -0.1451893405849665    
  -4.070000000000000      -4.069999999999958     -0.5361553760905144E-01 -0.1421880410147570    
  -4.080000000000000      -4.079999999999957     -0.5220851609123271E-01 -0.1392222209046037    
  -4.090000000000000      -4.089999999999957     -0.5083097317058701E-01 -0.1362924054568420    
  -4.100000000000000      -4.099999999999957     -0.4948254635610223E-01 -0.1333990763947573    
  -4.110000000000000      -4.109999999999957     -0.4816286855231789E-01 -0.1305426730694118    
  -4.120000000000000      -4.119999999999957     -0.4687156847750486E-01 -0.1277235935683341    
  -4.130000000000000      -4.129999999999956     -0.4560827107075439E-01 -0.1249421958247887    
  -4.140000000000000      -4.139999999999956     -0.4437259788797655E-01 -0.1221987987263873    
  -4.150000000000000      -4.149999999999956     -0.4316416748682102E-01 -0.1194936832218532    
  -4.160000000000000      -4.159999999999956     -0.4198259580054404E-01 -0.1168270934247945    
  -4.170000000000000      -4.169999999999956     -0.4082749650085738E-01 -0.1141992377133872    
  -4.180000000000000      -4.179999999999955     -0.3969848134980520E-01 -0.1116102898249189    
  -4.190000000000000      -4.189999999999955     -0.3859516054072542E-01 -0.1090603899441839    
  -4.200000000000000      -4.199999999999955     -0.3751714302836191E-01 -0.1065496457847708    
  -4.210000000000000      -4.209999999999955     -0.3646403684820317E-01 -0.1040781336623249    
  -4.220000000000000      -4.219999999999954     -0.3543544942513221E-01 -0.1016458995589141    
  -4.230000000000000      -4.229999999999954     -0.3443098787148063E-01 -0.9925296017766852E-01
  -4.240000000000000      -4.239999999999954     -0.3345025927458828E-01 -0.9689930398690964E-01
  -4.250000000000000      -4.249999999999954     -0.3249287097397735E-01 -0.9458489225302487E-01
  -4.260000000000000      -4.259999999999954     -0.3155843082825683E-01 -0.9230966006138719E-01
  -4.270000000000000      -4.269999999999953     -0.3064654747188035E-01 -0.9007351732465949E-01
  -4.280000000000000      -4.279999999999953     -0.2975683056188668E-01 -0.8787634977786396E-01
  -4.290000000000000      -4.289999999999953     -0.2888889101475810E-01 -0.8571801995963678E-01
  -4.300000000000000      -4.299999999999953     -0.2804234123353759E-01 -0.8359836817912701E-01
  -4.310000000000000      -4.309999999999953     -0.2721679532535095E-01 -0.8151721346803674E-01
  -4.320000000000000      -4.319999999999952     -0.2641186930948469E-01 -0.7947435451733693E-01
  -4.330000000000000      -4.329999999999952     -0.2562718131617524E-01 -0.7746957059822976E-01
  -4.340000000000000      -4.339999999999952     -0.2486235177626899E-01 -0.7550262246696365E-01
  -4.350000000000001      -4.349999999999952     -0.2411700360191636E-01 -0.7357325325314236E-01
  -4.360000000000000      -4.359999999999951     -0.2339076235846668E-01 -0.7168118933120268E-01
  -4.370000000000000      -4.369999999999951     -0.2268325642773375E-01 -0.6982614117476871E-01
  -4.380000000000000      -4.379999999999951     -0.2199411716280452E-01 -0.6800780419362225E-01
  -4.390000000000000      -4.389999999999951     -0.2132297903456594E-01 -0.6622585955306029E-01
  -4.400000000000000      -4.399999999999951     -0.2066947977012715E-01 -0.6447997497544027E-01
  -4.410000000000000      -4.409999999999950     -0.2003326048331608E-01 -0.6276980552374328E-01
  -4.420000000000000      -4.419999999999950     -0.1941396579743078E-01 -0.6109499436701356E-01
  -4.430000000000000      -4.429999999999950     -0.1881124396042760E-01 -0.5945517352755967E-01
  -4.440000000000000      -4.439999999999950     -0.1822474695272882E-01 -0.5784996460982952E-01
  -4.450000000000000      -4.449999999999950     -0.1765413058783356E-01 -0.5627897951089642E-01
  -4.460000000000000      -4.459999999999949     -0.1709905460591577E-01 -0.5474182111251790E-01
  -4.470000000000000      -4.469999999999949     -0.1655918276059401E-01 -0.5323808395475289E-01
  -4.480000000000000      -4.479999999999949     -0.1603418289905712E-01 -0.5176735489114473E-01
  -4.490000000000000      -4.489999999999949     -0.1552372703573022E-01 -0.5032921372549999E-01
  -4.500000000000000      -4.499999999999948     -0.1502749141966460E-01 -0.4892323383031311E-01
  -4.510000000000000      -4.509999999999948     -0.1454515659583501E-01 -0.4754898274690710E-01
  -4.520000000000000      -4.519999999999948     -0.1407640746052650E-01 -0.4620602276737942E-01
  -4.530000000000000      -4.529999999999948     -0.1362093331099236E-01 -0.4489391149845993E-01
  -4.540000000000000      -4.539999999999948     -0.1317842788956339E-01 -0.4361220240740545E-01
  -4.550000000000000      -4.549999999999947     -0.1274858942238752E-01 -0.4236044535007114E-01
  -4.560000000000000      -4.559999999999947     -0.1233112065297715E-01 -0.4113818708131498E-01
  -4.570000000000000      -4.569999999999947     -0.1192572887074002E-01 -0.3994497174790564E-01
  -4.580000000000000      -4.579999999999947     -0.1153212593466785E-01 -0.3878034136411835E-01
  -4.590000000000000      -4.589999999999947     -0.1115002829235465E-01 -0.3764383627021571E-01
  -4.600000000000001      -4.599999999999946     -0.1077915699451499E-01 -0.3653499557402321E-01
  -4.610000000000000      -4.609999999999946     -0.1041923770517009E-01 -0.3545335757582006E-01
  -4.620000000000000      -4.619999999999946     -0.1007000070766750E-01 -0.3439846017677683E-01
  -4.630000000000000      -4.629999999999946     -0.9731180906697645E-02 -0.3336984127118127E-01
  -4.640000000000000      -4.639999999999946     -0.9402517826468129E-02 -0.3236703912270254E-01
  -4.650000000000000      -4.649999999999945     -0.9083755605194149E-02 -0.3138959272495306E-01
  -4.660000000000000      -4.659999999999945     -0.8774642986060677E-02 -0.3043704214661424E-01
  -4.670000000000000      -4.669999999999945     -0.8474933304809432E-02 -0.2950892886140005E-01
  -4.680000000000000      -4.679999999999945     -0.8184384474100867E-02 -0.2860479606313837E-01
  -4.690000000000000      -4.689999999999944     -0.7902758964798562E-02 -0.2772418896625604E-01
  -4.700000000000000      -4.699999999999944     -0.7629823784320529E-02 -0.2686665509195866E-01
  -4.710000000000000      -4.709999999999944     -0.7365350452199035E-02 -0.2603174454040072E-01
  -4.720000000000000      -4.719999999999944     -0.7109114972987507E-02 -0.2521901024914563E-01
  -4.730000000000000      -4.729999999999944     -0.6860897806650132E-02 -0.2442800823821873E-01
  -4.740000000000000      -4.739999999999943     -0.6620483836566693E-02 -0.2365829784205907E-01
  -4.750000000000000      -4.749999999999943     -0.6387662335282099E-02 -0.2290944192867834E-01
  -4.760000000000000      -4.759999999999943     -0.6162226928127013E-02 -0.2218100710633703E-01
  -4.770000000000000      -4.769999999999943     -0.5943975554832821E-02 -0.2147256391804938E-01
  -4.780000000000000      -4.779999999999943     -0.5732710429261115E-02 -0.2078368702422947E-01
  -4.790000000000000      -4.789999999999942     -0.5528237997364699E-02 -0.2011395537379163E-01
  -4.800000000000000      -4.799999999999942     -0.5330368893494022E-02 -0.1946295236401775E-01
  -4.810000000000000      -4.809999999999942     -0.5138917895159795E-02 -0.1883026598950462E-01
  -4.820000000000000      -4.819999999999942     -0.4953703876359435E-02 -0.1821548898050278E-01
  -4.830000000000000      -4.829999999999941     -0.4774549759571872E-02 -0.1761821893095789E-01
  -4.840000000000000      -4.839999999999941     -0.4601282466522134E-02 -0.1703805841656394E-01
  -4.850000000000001      -4.849999999999941     -0.4433732867814063E-02 -0.1647461510313580E-01
  -4.860000000000000      -4.859999999999941     -0.4271735731526432E-02 -0.1592750184560652E-01
  -4.870000000000000      -4.869999999999941     -0.4115129670864704E-02 -0.1539633677795248E-01
  -4.880000000000000      -4.879999999999940     -0.3963757090957649E-02 -0.1488074339434667E-01
  -4.890000000000000      -4.889999999999940     -0.3817464134885040E-02 -0.1438035062183748E-01
  -4.900000000000000      -4.899999999999940     -0.3676100629019713E-02 -0.1389479288484716E-01
  -4.910000000000000      -4.909999999999940     -0.3539520027764335E-02 -0.1342371016178066E-01
  -4.920000000000000      -4.919999999999940     -0.3407579357760320E-02 -0.1296674803403193E-01
  -4.930000000000000      -4.929999999999939     -0.3280139161643530E-02 -0.1252355772767087E-01
  -4.940000000000000      -4.939999999999939     -0.3157063441418522E-02 -0.1209379614809001E-01
  -4.950000000000000      -4.949999999999939     -0.3038219601520400E-02 -0.1167712590788582E-01
  -4.960000000000000      -4.959999999999939     -0.2923478391630534E-02 -0.1127321534824522E-01
  -4.970000000000000      -4.969999999999938     -0.2812713849309791E-02 -0.1088173855410313E-01
  -4.980000000000000      -4.979999999999938     -0.2705803242510241E-02 -0.1050237536333247E-01
  -4.990000000000000      -4.989999999999938     -0.2602627012023722E-02 -0.1013481137022293E-01
  -5.000000000000000      -4.999999999999938     -0.2503068713923141E-02 -0.9778737923500185E-02
  -5.010000000000000      -5.009999999999938     -0.2407014962049830E-02 -0.9433852119132089E-02
  -5.020000000000000      -5.019999999999937     -0.2314355370597914E-02 -0.9099856788163222E-02
  -5.030000000000000      -5.029999999999937     -0.2224982496844197E-02 -0.8776460479814185E-02
  -5.040000000000000      -5.039999999999937     -0.2138791784069767E-02 -0.8463377440076606E-02
  -5.050000000000000      -5.049999999999937     -0.2055681504717230E-02 -0.8160327586029638E-02
  -5.060000000000000      -5.059999999999937     -0.1975552703825254E-02 -0.7867036476098342E-02
  -5.070000000000000      -5.069999999999936     -0.1898309142779918E-02 -0.7583235276469032E-02
  -5.080000000000000      -5.079999999999936     -0.1823857243420245E-02 -0.7308660723871178E-02
  -5.090000000000000      -5.089999999999936     -0.1752106032533236E-02 -0.7043055084930118E-02
  -5.100000000000001      -5.099999999999936     -0.1682967086771690E-02 -0.6786166112289372E-02
  -5.110000000000000      -5.109999999999935     -0.1616354478026142E-02 -0.6537746997695921E-02
  -5.120000000000000      -5.119999999999935     -0.1552184719280348E-02 -0.6297556322236410E-02
  -5.130000000000000      -5.129999999999935     -0.1490376710977899E-02 -0.6065358003906798E-02
  -5.140000000000000      -5.139999999999935     -0.1430851687925718E-02 -0.5840921242692642E-02
  -5.150000000000000      -5.149999999999935     -0.1373533166758491E-02 -0.5624020463331767E-02
  -5.160000000000000      -5.159999999999934     -0.1318346893986366E-02 -0.5414435255925824E-02
  -5.170000000000000      -5.169999999999934     -0.1265220794646609E-02 -0.5211950314561901E-02
  -5.180000000000000      -5.179999999999934     -0.1214084921578350E-02 -0.5016355374100104E-02
  -5.190000000000000      -5.189999999999934     -0.1164871405337988E-02 -0.4827445145277890E-02
  -5.200000000000000      -5.199999999999934     -0.1117514404771362E-02 -0.4645019248276701E-02
  -5.210000000000000      -5.209999999999933     -0.1071950058257362E-02 -0.4468882144891453E-02
  -5.220000000000000      -5.219999999999933     -0.1028116435636251E-02 -0.4298843069438366E-02
  -5.230000000000000      -5.229999999999933     -0.9859534908346818E-03 -0.4134715958531682E-02
  -5.240000000000000      -5.239999999999933     -0.9454030151980779E-03 -0.3976319379854942E-02
  -5.250000000000000      -5.249999999999932     -0.9064085915398128E-03 -0.3823476460047674E-02
  -5.260000000000000      -5.259999999999932     -0.8689155489154693E-03 -0.3676014811823639E-02
  -5.270000000000000      -5.269999999999932     -0.8328709181292873E-03 -0.3533766460432090E-02
  -5.280000000000000      -5.279999999999932     -0.7982233879788384E-03 -0.3396567769568984E-02
  -5.290000000000000      -5.289999999999932     -0.7649232622429093E-03 -0.3264259366840551E-02
  -5.300000000000000      -5.299999999999931     -0.7329224174165772E-03 -0.3136686068877271E-02
  -5.310000000000000      -5.309999999999931     -0.7021742611965021E-03 -0.3013696806191973E-02
  -5.320000000000000      -5.319999999999931     -0.6726336917185419E-03 -0.2895144547871572E-02
  -5.330000000000000      -5.329999999999931     -0.6442570575489248E-03 -0.2780886226187817E-02
  -5.340000000000000      -5.339999999999931     -0.6170021184293786E-03 -0.2670782661208403E-02
  -5.350000000000001      -5.349999999999930     -0.5908280067758226E-03 -0.2564698485485864E-02
  -5.360000000000000      -5.359999999999930     -0.5656951899294743E-03 -0.2462502068897794E-02
  -5.370000000000000      -5.369999999999930     -0.5415654331585042E-03 -0.2364065443708226E-02
  -5.380000000000000      -5.379999999999930     -0.5184017634076937E-03 -0.2269264229916328E-02
  -5.390000000000000      -5.389999999999930     -0.4961684337929075E-03 -0.2177977560955015E-02
  -5.400000000000000      -5.399999999999929     -0.4748308888365828E-03 -0.2090088009798626E-02
  -5.410000000000000      -5.409999999999929     -0.4543557304398617E-03 -0.2005481515535435E-02
  -5.420000000000000      -5.419999999999929     -0.4347106845864551E-03 -0.1924047310457517E-02
  -5.430000000000000      -5.429999999999929     -0.4158645687728137E-03 -0.1845677847717284E-02
  -5.440000000000000      -5.439999999999928     -0.3977872601587066E-03 -0.1770268729596972E-02
  -5.450000000000000      -5.449999999999928     -0.3804496644318588E-03 -0.1697718636434323E-02
  -5.460000000000000      -5.459999999999928     -0.3638236853798809E-03 -0.1627929256244873E-02
  -5.470000000000000      -5.469999999999928     -0.3478821951623363E-03 -0.1560805215078405E-02
  -5.480000000000000      -5.479999999999928     -0.3325990052754252E-03 -0.1496254008144474E-02
  -5.490000000000000      -5.489999999999927     -0.3179488382014335E-03 -0.1434185931739258E-02
  -5.500000000000000      -5.499999999999927     -0.3039072997347813E-03 -0.1374514016003493E-02
  -5.510000000000000      -5.509999999999927     -0.2904508519762215E-03 -0.1317153958538804E-02
  -5.520000000000000      -5.519999999999927     -0.2775567869864783E-03 -0.1262024058907407E-02
  -5.530000000000000      -5.529999999999927     -0.2652032010903767E-03 -0.1209045154037893E-02
  -5.540000000000000      -5.539999999999926     -0.2533689698222964E-03 -0.1158140554557646E-02
  -5.550000000000000      -5.549999999999926     -0.2420337235035916E-03 -0.1109235982070345E-02
  -5.560000000000000      -5.559999999999926     -0.2311778234424399E-03 -0.1062259507394997E-02
  -5.570000000000000      -5.569999999999926     -0.2207823387464331E-03 -0.1017141489781039E-02
  -5.580000000000000      -5.579999999999925     -0.2108290237380818E-03 -0.9738145171121938E-03
  -5.590000000000000      -5.589999999999925     -0.2013002959632926E-03 -0.9322133471099817E-03
  -5.600000000000001      -5.599999999999925     -0.1921792147827718E-03 -0.8922748495461420E-03
  -5.610000000000000      -5.609999999999925     -0.1834494605362287E-03 -0.8539379494715613E-03
  -5.620000000000000      -5.619999999999925     -0.1750953142691808E-03 -0.8171435714677939E-03
  -5.630000000000000      -5.629999999999924     -0.1671016380121110E-03 -0.7818345849257762E-03
  -5.640000000000000      -5.639999999999924     -0.1594538556016877E-03 -0.7479557503549444E-03
  -5.650000000000000      -5.649999999999924     -0.1521379340337338E-03 -0.7154536667246285E-03
  -5.660000000000000      -5.659999999999924     -0.1451403653376170E-03 -0.6842767198383364E-03
  -5.670000000000000      -5.669999999999924     -0.1384481489617345E-03 -0.6543750317403369E-03
  -5.680000000000000      -5.679999999999923     -0.1320487746597777E-03 -0.6257004111528171E-03
  -5.690000000000000      -5.689999999999923     -0.1259302058674832E-03 -0.5982063049408117E-03
  -5.700000000000000      -5.699999999999923     -0.1200808635596115E-03 -0.5718477506010871E-03
  -5.710000000000000      -5.709999999999923     -0.1144896105769366E-03 -0.5465813297702023E-03
  -5.720000000000000      -5.719999999999922     -0.1091457364130817E-03 -0.5223651227460693E-03
  -5.730000000000000      -5.729999999999922     -0.1040389424511000E-03 -0.4991586640164844E-03
  -5.740000000000000      -5.739999999999922     -0.9915932763976411E-04 -0.4769228987873085E-03
  -5.750000000000000      -5.749999999999922     -0.9449737459960959E-04 -0.4556201405022282E-03
  -5.760000000000000      -5.759999999999922     -0.9004393614885911E-04 -0.4352140293453354E-03
  -5.770000000000000      -5.769999999999921     -0.8579022223944536E-04 -0.4156694917171131E-03
  -5.780000000000000      -5.779999999999921     -0.8172778729344886E-04 -0.3969527006738166E-03
  -5.790000000000000      -5.789999999999921     -0.7784851793036864E-04 -0.3790310373196771E-03
  -5.800000000000000      -5.799999999999921     -0.7414462107575283E-04 -0.3618730531408438E-03
  -5.810000000000000      -5.809999999999921     -0.7060861244182906E-04 -0.3454484332695036E-03
  -5.820000000000000      -5.819999999999920     -0.6723330537089269E-04 -0.3297279606661850E-03
  -5.830000000000000      -5.829999999999920     -0.6401180003233237E-04 -0.3146834812078560E-03
  -5.840000000000000      -5.839999999999920     -0.6093747296429883E-04 -0.3002878696690645E-03
  -5.850000000000001      -5.849999999999920     -0.5800396695115126E-04 -0.2865149965830489E-03
  -5.860000000000000      -5.859999999999919     -0.5520518122794838E-04 -0.2733396959694489E-03
  -5.870000000000000      -5.869999999999919     -0.5253526200338609E-04 -0.2607377339149956E-03
  -5.880000000000000      -5.879999999999919     -0.4998859329272089E-04 -0.2486857779933233E-03
  -5.890000000000000      -5.889999999999919     -0.4755978805235813E-04 -0.2371613675098548E-03
  -5.900000000000000      -5.899999999999919     -0.4524367960792515E-04 -0.2261428845575344E-03
  -5.910000000000000      -5.909999999999918     -0.4303531336779274E-04 -0.2156095258690436E-03
  -5.920000000000000      -5.919999999999918     -0.4092993881415229E-04 -0.2055412754510144E-03
  -5.930000000000000      -5.929999999999918     -0.3892300176390155E-04 -0.1959188779856608E-03
  -5.940000000000000      -5.939999999999918     -0.3701013689173798E-04 -0.1867238129851794E-03
  -5.950000000000000      -5.949999999999918     -0.3518716050800554E-04 -0.1779382696842203E-03
  -5.960000000000000      -5.959999999999917     -0.3345006358398768E-04 -0.1695451226557013E-03
  -5.970000000000000      -5.969999999999917     -0.3179500501748692E-04 -0.1615279081352317E-03
  -5.980000000000000      -5.979999999999917     -0.3021830513167856E-04 -0.1538708010394189E-03
  -5.990000000000000      -5.989999999999917     -0.2871643940037304E-04 -0.1465585926633629E-03
  -6.000000000000000      -5.999999999999917     -0.2728603239296859E-04 -0.1395766690426852E-03
  -6.010000000000000      -6.009999999999916     -0.2592385193252169E-04 -0.1329109899655004E-03
  -6.020000000000000      -6.019999999999916     -0.2462680346050871E-04 -0.1265480686198122E-03
  -6.030000000000000      -6.029999999999916     -0.2339192460199649E-04 -0.1204749518619058E-03
  -6.040000000000000      -6.039999999999916     -0.2221637992508389E-04 -0.1146792010914090E-03
  -6.050000000000000      -6.049999999999915     -0.2109745588861861E-04 -0.1091488737188061E-03
  -6.060000000000000      -6.059999999999915     -0.2003255597233533E-04 -0.1038725052113179E-03
  -6.070000000000000      -6.069999999999915     -0.1901919598370150E-04 -0.9883909170319034E-04
  -6.080000000000000      -6.079999999999915     -0.1805499953589572E-04 -0.9403807315658441E-04
  -6.090000000000000      -6.089999999999915     -0.1713769369148129E-04 -0.8945931705940895E-04
  -6.100000000000001      -6.099999999999914     -0.1626510476647290E-04 -0.8509310264660312E-04
  -6.110000000000000      -6.109999999999914     -0.1543515428962888E-04 -0.8093010563154293E-04
  -6.120000000000000      -6.119999999999914     -0.1464585511193369E-04 -0.7696138343442264E-04
  -6.130000000000000      -6.129999999999914     -0.1389530766136575E-04 -0.7317836089464473E-04
  -6.140000000000001      -6.139999999999914     -0.1318169633817466E-04 -0.6957281645443973E-04
  -6.150000000000000      -6.149999999999913     -0.1250328604601863E-04 -0.6613686880113067E-04
  -6.160000000000000      -6.159999999999913     -0.1185841885443771E-04 -0.6286296395565451E-04
  -6.170000000000000      -6.169999999999913     -0.1124551078826140E-04 -0.5974386279515478E-04
  -6.180000000000000      -6.179999999999913     -0.1066304873966997E-04 -0.5677262899766455E-04
  -6.190000000000000      -6.189999999999912     -0.1010958749874761E-04 -0.5394261739710758E-04
  -6.200000000000000      -6.199999999999912     -0.9583746898482352E-05 -0.5124746273705601E-04
  -6.210000000000000      -6.209999999999912     -0.9084209070281828E-05 -0.4868106881189619E-04
  -6.220000000000000      -6.219999999999912     -0.8609715806186970E-05 -0.4623759798426894E-04
  -6.230000000000000      -6.229999999999912     -0.8159066024075427E-05 -0.4391146106786653E-04
  -6.240000000000000      -6.239999999999911     -0.7731113332254942E-05 -0.4169730756488620E-04
  -6.250000000000000      -6.249999999999911     -0.7324763689952656E-05 -0.3959001624765730E-04
  -6.260000000000000      -6.259999999999911     -0.6938973160310152E-05 -0.3758468607417771E-04
  -6.270000000000000      -6.269999999999911     -0.6572745752595527E-05 -0.3567662742751281E-04
  -6.280000000000000      -6.279999999999911     -0.6225131350443208E-05 -0.3386135366922875E-04
  -6.290000000000000      -6.289999999999910     -0.5895223723029408E-05 -0.3213457299724820E-04
  -6.300000000000000      -6.299999999999910     -0.5582158616186135E-05 -0.3049218059873407E-04
  -6.310000000000000      -6.309999999999910     -0.5285111920549574E-05 -0.2893025108882136E-04
  -6.320000000000000      -6.319999999999910     -0.5003297913929345E-05 -0.2744503122623202E-04
  -6.330000000000000      -6.329999999999909     -0.4735967575173761E-05 -0.2603293289701972E-04
  -6.340000000000000      -6.339999999999909     -0.4482406966892667E-05 -0.2469052635790297E-04
  -6.350000000000001      -6.349999999999909     -0.4241935684483808E-05 -0.2341453373085355E-04
  -6.360000000000000      -6.359999999999909     -0.4013905368990985E-05 -0.2220182274081467E-04
  -6.370000000000000      -6.369999999999909     -0.3797698281402467E-05 -0.2104940068862771E-04
  -6.380000000000000      -6.379999999999908     -0.3592725936076335E-05 -0.1995440865144920E-04
  -6.390000000000001      -6.389999999999908     -0.3398427791055618E-05 -0.1891411590313955E-04
  -6.400000000000000      -6.399999999999908     -0.3214269993110266E-05 -0.1792591454730235E-04
  -6.410000000000000      -6.409999999999908     -0.3039744175415253E-05 -0.1698731435584812E-04
  -6.420000000000000      -6.419999999999908     -0.2874366305844391E-05 -0.1609593780614783E-04
  -6.430000000000000      -6.429999999999907     -0.2717675583927846E-05 -0.1524951531003100E-04
  -6.440000000000000      -6.439999999999907     -0.2569233384587853E-05 -0.1444588062806879E-04
  -6.450000000000000      -6.449999999999907     -0.2428622246831827E-05 -0.1368296646276597E-04
  -6.460000000000000      -6.459999999999907     -0.2295444905644893E-05 -0.1295880022446508E-04
  -6.470000000000000      -6.469999999999906     -0.2169323365384974E-05 -0.1227149996394324E-04
  -6.480000000000000      -6.479999999999906     -0.2049898013042878E-05 -0.1161927046585533E-04
  -6.490000000000000      -6.489999999999906     -0.1936826769787442E-05 -0.1100039949734769E-04
  -6.500000000000000      -6.499999999999906     -0.1829784279271702E-05 -0.1041325420633355E-04
  -6.510000000000000      -6.509999999999906     -0.1728461131230344E-05 -0.9856277664084913E-05
  -6.520000000000000      -6.519999999999905     -0.1632563118951329E-05 -0.9327985546956335E-05
  -6.530000000000000      -6.529999999999905     -0.1541810529255618E-05 -0.8826962952212752E-05
  -6.540000000000000      -6.539999999999905     -0.1455937463668486E-05 -0.8351861343087555E-05
  -6.550000000000000      -6.549999999999905     -0.1374691189513837E-05 -0.7901395618347296E-05
  -6.560000000000000      -6.559999999999905     -0.1297831519709473E-05 -0.7474341301786521E-05
  -6.570000000000000      -6.569999999999904     -0.1225130220086290E-05 -0.7069531847219951E-05
  -6.580000000000000      -6.579999999999904     -0.1156370443098009E-05 -0.6685856054679596E-05
  -6.590000000000000      -6.589999999999904     -0.1091346186830283E-05 -0.6322255593661504E-05
  -6.600000000000001      -6.599999999999904     -0.1029861778258899E-05 -0.5977722629400605E-05
  -6.610000000000000      -6.609999999999904     -0.9717313797463522E-06 -0.5651297548282711E-05
  -6.620000000000000      -6.619999999999903     -0.9167785178043562E-06 -0.5342066778629960E-05
  -6.630000000000000      -6.629999999999903     -0.8648356331868426E-06 -0.5049160703220157E-05
  -6.640000000000001      -6.639999999999903     -0.8157436514138092E-06 -0.4771751660021334E-05
  -6.650000000000000      -6.649999999999903     -0.7693515728609654E-06 -0.4509052027740659E-05
  -6.660000000000000      -6.659999999999902     -0.7255160815835562E-06 -0.4260312392901460E-05
  -6.670000000000000      -6.669999999999902     -0.6841011720750485E-06 -0.4024819795273810E-05
  -6.680000000000000      -6.679999999999902     -0.6449777931925632E-06 -0.3801896048592604E-05
  -6.690000000000000      -6.689999999999902     -0.6080235085110679E-06 -0.3590896133602763E-05
  -6.700000000000000      -6.699999999999902     -0.5731221723974303E-06 -0.3391206660573794E-05
  -6.710000000000000      -6.709999999999901     -0.5401636211235122E-06 -0.3202244398525748E-05
  -6.720000000000000      -6.719999999999901     -0.5090433783645740E-06 -0.3023454868505545E-05
  -6.730000000000000      -6.729999999999901     -0.4796623744553983E-06 -0.2854310998346751E-05
  -6.740000000000000      -6.739999999999901     -0.4519266788017498E-06 -0.2694311836437321E-05
  -6.750000000000000      -6.749999999999901     -0.4257472448691000E-06 -0.2542981322108478E-05
  -6.760000000000000      -6.759999999999900     -0.4010396671939789E-06 -0.2399867110343954E-05
  -6.770000000000000      -6.769999999999900     -0.3777239498859049E-06 -0.2264539448592302E-05
  -6.780000000000000      -6.779999999999900     -0.3557242861096117E-06 -0.2136590103545842E-05
  -6.790000000000000      -6.789999999999900     -0.3349688480582591E-06 -0.2015631335828273E-05
  -6.800000000000000      -6.799999999999899     -0.3153895869485141E-06 -0.1901294920608934E-05
  -6.810000000000000      -6.809999999999899     -0.2969220425878372E-06 -0.1793231212235299E-05
  -6.820000000000000      -6.819999999999899     -0.2795051620830375E-06 -0.1691108251046543E-05
  -6.830000000000000      -6.829999999999899     -0.2630811272771816E-06 -0.1594610910599996E-05
  -6.840000000000000      -6.839999999999899     -0.2475951905192904E-06 -0.1503440083609052E-05
  -6.850000000000001      -6.849999999999898     -0.2329955183879461E-06 -0.1417311904955657E-05
  -6.860000000000000      -6.859999999999898     -0.2192330430059869E-06 -0.1335957010202962E-05
  -6.870000000000000      -6.869999999999898     -0.2062613205989080E-06 -0.1259119828094060E-05
  -6.880000000000000      -6.879999999999898     -0.1940363969644330E-06 -0.1186557905581115E-05
  -6.890000000000001      -6.889999999999898     -0.1825166795349972E-06 -0.1118041263985522E-05
  -6.900000000000000      -6.899999999999897     -0.1716628157285985E-06 -0.1053351784944204E-05
  -6.910000000000000      -6.909999999999897     -0.1614375772966621E-06 -0.9922826248497268E-06
  -6.920000000000000      -6.919999999999897     -0.1518057503902277E-06 -0.9346376565426343E-06
  -6.930000000000000      -6.929999999999897     -0.1427340310779423E-06 -0.8802309370634183E-06
  -6.940000000000000      -6.939999999999896     -0.1341909260610262E-06 -0.8288862003187339E-06
  -6.950000000000000      -6.949999999999896     -0.1261466583416074E-06 -0.7804363735620569E-06
  -6.960000000000000      -6.959999999999896     -0.1185730776115932E-06 -0.7347231166328820E-06
  -6.970000000000000      -6.969999999999896     -0.1114435751395997E-06 -0.6915963829408931E-06
  -6.980000000000000      -6.979999999999896     -0.1047330029433826E-06 -0.6509140012223078E-06
  -6.990000000000000      -6.989999999999895     -0.9841759704475053E-07 -0.6125412771348721E-06
  -7.000000000000000      -6.999999999999895     -0.9247490461308252E-07 -0.5763506137957846E-06
  -7.010000000000000      -7.009999999999895     -0.8688371481234664E-07 -0.5422211504032155E-06
  -7.020000000000000      -7.019999999999895     -0.8162399317493469E-07 -0.5100384181170853E-06
  -7.030000000000000      -7.029999999999895     -0.7667681933370087E-07 -0.4796940124084303E-06
  -7.040000000000000      -7.039999999999894     -0.7202432795133671E-07 -0.4510852811190319E-06
  -7.050000000000000      -7.049999999999894     -0.6764965269364110E-07 -0.4241150275040779E-06
  -7.060000000000000      -7.059999999999894     -0.6353687310036649E-07 -0.3986912275604768E-06
  -7.070000000000000      -7.069999999999894     -0.5967096421415155E-07 -0.3747267609721082E-06
  -7.080000000000000      -7.079999999999893     -0.5603774883459960E-07 -0.3521391550307878E-06
  -7.090000000000000      -7.089999999999893     -0.5262385227084140E-07 -0.3308503409180946E-06
  -7.100000000000001      -7.099999999999893     -0.4941665947194220E-07 -0.3107864217584795E-06
  -7.110000000000000      -7.109999999999893     -0.4640427442028681E-07 -0.2918774518782773E-06
  -7.120000000000000      -7.119999999999893     -0.4357548167861366E-07 -0.2740572267284087E-06
  -7.130000000000000      -7.129999999999892     -0.4091970998667928E-07 -0.2572630829507181E-06
  -7.140000000000001      -7.139999999999892     -0.3842699780862840E-07 -0.2414357080890641E-06
  -7.150000000000000      -7.149999999999892     -0.3608796073703208E-07 -0.2265189594664975E-06
  -7.160000000000000      -7.159999999999892     -0.3389376066424544E-07 -0.2124596917691457E-06
  -7.170000000000000      -7.169999999999892     -0.3183607663623800E-07 -0.1992075928957949E-06
  -7.180000000000000      -7.179999999999891     -0.2990707730837143E-07 -0.1867150276496507E-06
  -7.190000000000000      -7.189999999999891     -0.2809939492675089E-07 -0.1749368888653741E-06
  -7.200000000000000      -7.199999999999891     -0.2640610076276578E-07 -0.1638304555802602E-06
  -7.210000000000000      -7.209999999999891     -0.2482068193227137E-07 -0.1533552578733673E-06
  -7.220000000000000      -7.219999999999891     -0.2333701953455381E-07 -0.1434729480105243E-06
  -7.230000000000000      -7.229999999999890     -0.2194936804977400E-07 -0.1341471775464694E-06
  -7.240000000000000      -7.239999999999890     -0.2065233593701039E-07 -0.1253434800479052E-06
  -7.250000000000000      -7.249999999999890     -0.1944086737832332E-07 -0.1170291591130123E-06
  -7.260000000000000      -7.259999999999890     -0.1831022511745229E-07 -0.1091731813739529E-06
  -7.270000000000000      -7.269999999999889     -0.1725597434484088E-07 -0.1017460741791243E-06
  -7.280000000000000      -7.279999999999889     -0.1627396758366820E-07 -0.9471982766139568E-07
  -7.290000000000000      -7.289999999999889     -0.1536033053445909E-07 -0.8806780090728434E-07
  -7.300000000000000      -7.299999999999889     -0.1451144883865553E-07 -0.8176463195000353E-07
  -7.310000000000000      -7.309999999999889     -0.1372395572426526E-07 -0.7578615131653476E-07
  -7.320000000000000      -7.319999999999888     -0.1299472049936959E-07 -0.7010929886535144E-07
  -7.330000000000000      -7.329999999999888     -0.1232083786187634E-07 -0.6471204365713289E-07
  -7.340000000000000      -7.339999999999888     -0.1169961799645565E-07 -0.5957330660575640E-07
  -7.350000000000001      -7.349999999999888     -0.1112857743210149E-07 -0.5467288566102678E-07
  -7.360000000000000      -7.359999999999888     -0.1060543063622992E-07 -0.4999138327798561E-07
  -7.370000000000000      -7.369999999999887     -0.1012808232366297E-07 -0.4551013593021964E-07
  -7.380000000000000      -7.379999999999887     -0.9694620461263373E-08 -0.4121114542633981E-07
  -7.390000000000001      -7.389999999999887     -0.9303309951388561E-08 -0.3707701178970618E-07
  -7.400000000000000      -7.399999999999887     -0.8952586979730417E-08 -0.3309086746150351E-07
  -7.410000000000000      -7.409999999999886     -0.8641054015510204E-08 -0.2923631258639594E-07
  -7.420000000000000      -7.419999999999886     -0.8367475454413789E-08 -0.2549735113817335E-07
  -7.430000000000000      -7.429999999999886     -0.8130773897091447E-08 -0.2185832764000637E-07
  -7.440000000000000      -7.439999999999886     -0.7930027058518539E-08 -0.1830386423010866E-07
  -7.450000000000000      -7.449999999999886     -0.7764465306028928E-08 -0.1481879781871340E-07
  -7.460000000000000      -7.459999999999885     -0.7633469826403027E-08 -0.1138811707625257E-07
  -7.470000000000000      -7.469999999999885     -0.7536571425028555E-08 -0.7996898985420364E-08
  -7.480000000000000      -7.479999999999885     -0.7473449962866444E-08 -0.4630244681339713E-08
  -7.490000000000000      -7.489999999999885     -0.7443934439760010E-08 -0.1273214294258547E-08
  -7.500000000000000      -7.499999999999885     -0.7448003735536032E-08  0.2089239502001458E-08
  -7.510000000000000      -7.509999999999884     -0.7485788023376376E-08  0.5472339545326311E-08
  -7.520000000000000      -7.519999999999884     -0.7557570873103808E-08  0.8891554168109466E-08
  -7.530000000000000      -7.529999999999884     -0.7663792065342087E-08  0.1236266944737190E-07
  -7.540000000000000      -7.539999999999884     -0.7805051140996098E-08  0.1590186407984513E-07
  -7.550000000000000      -7.549999999999883     -0.7982111714171504E-08  0.1952578725945638E-07
  -7.560000000000000      -7.559999999999883     -0.8195906580535452E-08  0.2325163995655006E-07
  -7.570000000000000      -7.569999999999883     -0.8447543657231985E-08  0.2709726002232605E-07
  -7.580000000000000      -7.579999999999883     -0.8738312794831387E-08  0.3108121156854392E-07
  -7.590000000000000      -7.589999999999883     -0.9069693506436768E-08  0.3522287910171419E-07
  -7.600000000000001      -7.599999999999882     -0.9443363664020903E-08  0.3954256692297700E-07
  -7.610000000000000      -7.609999999999882     -0.9861209217350706E-08  0.4406160433987011E-07
  -7.620000000000000      -7.619999999999882     -0.1032533499650726E-07  0.4880245727445327E-07
  -7.630000000000000      -7.629999999999882     -0.1083807666505984E-07  0.5378884689404133E-07
  -7.640000000000001      -7.639999999999882     -0.1140201389743967E-07  0.5904587593638804E-07
  -7.650000000000000      -7.649999999999881     -0.1201998486102225E-07  0.6460016345086247E-07
  -7.660000000000000      -7.659999999999881     -0.1269510209090967E-07  0.7047998873130527E-07
  -7.670000000000000      -7.669999999999881     -0.1343076985345172E-07  0.7671544527520569E-07
  -7.680000000000000      -7.679999999999881     -0.1423070310320708E-07  0.8333860566799951E-07
  -7.690000000000000      -7.689999999999880     -0.1509894814737830E-07  0.9038369836108158E-07
  -7.700000000000000      -7.699999999999880     -0.1603990514181423E-07  0.9788729738802426E-07
  -7.710000000000000      -7.709999999999880     -0.1705835255352523E-07  0.1058885261460040E-06
  -7.720000000000000      -7.719999999999880     -0.1815947373636880E-07  0.1144292764591162E-06
  -7.730000000000000      -7.729999999999880     -0.1934888577921066E-07  0.1235544442377070E-06
  -7.740000000000000      -7.739999999999879     -0.2063267079952932E-07  0.1333121831537232E-06
  -7.750000000000000      -7.749999999999879     -0.2201740987019974E-07  0.1437541778670975E-06
  -7.760000000000000      -7.759999999999879     -0.2351021978315761E-07  0.1549359384631079E-06
  -7.770000000000000      -7.769999999999879     -0.2511879287091426E-07  0.1669171178963429E-06
  -7.780000000000000      -7.779999999999879     -0.2685144012557552E-07  0.1797618543842585E-06
  -7.790000000000000      -7.789999999999878     -0.2871713787523634E-07  0.1935391408533540E-06
  -7.800000000000000      -7.799999999999878     -0.3072557829951080E-07  0.2083232237147854E-06
  -7.810000000000000      -7.809999999999878     -0.3288722408965587E-07  0.2241940334349770E-06
  -7.820000000000000      -7.819999999999878     -0.3521336758441337E-07  0.2412376495717528E-06
  -7.830000000000000      -7.829999999999878     -0.3771619474049790E-07  0.2595468031691024E-06
  -7.840000000000000      -7.839999999999877     -0.4040885432678138E-07  0.2792214196454321E-06
  -7.850000000000001      -7.849999999999877     -0.4330553276386815E-07  0.3003692055726945E-06
  -7.860000000000000      -7.859999999999877     -0.4642153506613444E-07  0.3231062830289359E-06
  -7.870000000000000      -7.869999999999877     -0.4977337238165896E-07  0.3475578755165125E-06
  -7.880000000000000      -7.879999999999876     -0.5337885666705245E-07  0.3738590497746417E-06
  -7.890000000000001      -7.889999999999876     -0.5725720307928270E-07  0.4021555181803934E-06
  -7.900000000000000      -7.899999999999876     -0.6142914071549050E-07  0.4326045068292160E-06
  -7.910000000000000      -7.909999999999876     -0.6591703238482900E-07  0.4653756948173932E-06
  -7.920000000000000      -7.919999999999876     -0.7074500415389428E-07  0.5006522307174307E-06
  -7.930000000000001      -7.929999999999875     -0.7593908546973485E-07  0.5386318327465442E-06
  -7.940000000000000      -7.939999999999875     -0.8152736073215808E-07  0.5795279796817174E-06
  -7.950000000000000      -7.949999999999875     -0.8754013326055107E-07  0.6235712001760891E-06
  -7.960000000000000      -7.959999999999875     -0.9401010268020267E-07  0.6710104687849291E-06
  -7.970000000000000      -7.969999999999875     -0.1009725568396988E-06  0.7221147177197649E-06
  -7.980000000000000      -7.979999999999874     -0.1084655794649552E-06  0.7771744741213290E-06
  -7.990000000000000      -7.989999999999874     -0.1165302748574970E-06  0.8365036334813540E-06
  -8.000000000000000      -7.999999999999874     -0.1252110110553937E-06  0.9004413807557958E-06
