   0.0000000000000000       0.99760019330088257      -0.19205904232687554        0.0000000000000000     
   2.5000000000000001E-002  0.99038960967437095      -0.38501032695232851        2.2204460492503131E-016
   5.0000000000000003E-002  0.97833488854782991      -0.57973542616160134        0.0000000000000000     
   7.5000000000000011E-002  0.96138090320429737      -0.77709126840240828       -3.3306690738754696E-016
  0.10000000000000001       0.93945162046452002      -0.97788912890355240       -5.5511151231257827E-016
  0.12500000000000000       0.91245162024376247       -1.1828619874496749       -3.3306690738754696E-016
  0.15000000000000002       0.88026863636016628       -1.3926143592596727        0.0000000000000000     
  0.17500000000000002       0.84277764731117766       -1.6075470641800855       -3.3306690738754696E-016
  0.20000000000000001       0.79984725561958436       -1.8277477149392629       -2.2204460492503131E-016
  0.22500000000000001       0.75134933974128693       -2.0528367305084663       -2.2204460492503131E-016
  0.25000000000000000       0.69717320805157335       -2.2817600039889530       -3.3306690738754696E-016
  0.27500000000000002       0.63724563959650937       -2.5125258740157155       -3.3306690738754696E-016
  0.30000000000000004       0.57155807846170859       -2.7419002283993854       -5.5511151231257827E-016
  0.32500000000000001       0.50020155080071826       -2.9651045725751963       -3.3306690738754696E-016
  0.35000000000000003       0.42340818544818154       -3.1756098508324087        0.0000000000000000     
  0.37500000000000000       0.34159519784667286       -3.3651743641985790       -3.3306690738754696E-016
  0.40000000000000002       0.25540299811894718       -3.5243050668675431        4.4408920985006262E-016
  0.42500000000000004       0.16571499989191107       -3.6432707456438589        4.4408920985006262E-016
  0.45000000000000001        7.3645490932536195E-002  -3.7136124213361867       -3.3306690738754696E-016
  0.47500000000000003       -1.9513219697874506E-002  -3.7298096121186015       -8.8817841970012523E-016
  0.50000000000000000      -0.11238142283211369       -3.6905338011608846       -2.2204460492503131E-016
  0.52500000000000002      -0.20360309828880299       -3.5989689506465696        0.0000000000000000     
  0.55000000000000004      -0.29195133396229889       -3.4620554938803565        2.2204460492503131E-016
  0.57500000000000007      -0.37640445208479451       -3.2889898268321853       -2.2204460492503131E-016
  0.60000000000000009      -0.45618137221877980       -3.0895630492724200       -5.5511151231257827E-016
  0.62500000000000000      -0.53073886051479979       -2.8728346595386585       -5.5511151231257827E-016
  0.65000000000000002      -0.59974236813590420       -2.6463574540267043       -5.5511151231257827E-016
  0.67500000000000004      -0.66302415932075043       -2.4159145754681917        0.0000000000000000     
  0.70000000000000007      -0.72053960368509140       -2.1856049100383150        0.0000000000000000     
  0.72500000000000009      -0.77232812119584371       -1.9581042585972475       -2.2204460492503131E-016
  0.75000000000000000      -0.81848148519823527       -1.7349766821646067       -2.2204460492503131E-016
  0.77500000000000002      -0.85911974853238571       -1.5169651587925053       -2.2204460492503131E-016
  0.80000000000000004      -0.89437383616822086       -1.3042317761165410        0.0000000000000000     
  0.82500000000000007      -0.92437343830640972       -1.0965419168309307       -2.2204460492503131E-016
  0.85000000000000009      -0.94923886404655500      -0.89339840065564124       -3.3306690738754696E-016
  0.87500000000000000      -0.96907572470996817      -0.69413543744384854        0.0000000000000000     
  0.90000000000000002      -0.98397156845943445      -0.49798234130120606       -2.2204460492503131E-016
  0.92500000000000004      -0.99399382058971775      -0.30410554903783982       -3.3306690738754696E-016
  0.95000000000000007      -0.99918857582339382      -0.11163576154665422       -3.3306690738754696E-016
  0.97500000000000009      -0.99957993973540460        8.0314490318420195E-002  -3.3306690738754696E-016
   1.0000000000000000      -0.99516973406443077       0.27263867398271752       -3.3306690738754696E-016
   1.0250000000000001      -0.98593747577221647       0.46622597746173733       -2.2204460492503131E-016
   1.0500000000000000      -0.97184062322210985       0.66194967367219093       -2.2204460492503131E-016
   1.0750000000000000      -0.95281516548922884       0.86065069641516478        0.0000000000000000     
   1.1000000000000001      -0.92877672328513650        1.0631123878273119       -2.2204460492503131E-016
   1.1250000000000000      -0.89962244319084228        1.2700213277288042        0.0000000000000000     
   1.1500000000000001      -0.86523411161031916        1.4819076957114052       -2.2204460492503131E-016
   1.1750000000000000      -0.82548309980070256        1.6990569021022606       -2.2204460492503131E-016
   1.2000000000000002      -0.78023797809633011        1.9213827070444043       -3.3306690738754696E-016
   1.2250000000000001      -0.72937588962136890        2.1482517760779842       -3.3306690738754696E-016
   1.2500000000000000      -0.67279899690012557        2.3782526752066828        0.0000000000000000     
   1.2750000000000001      -0.61045738460223309        2.6089122457616125       -3.3306690738754696E-016
   1.3000000000000000      -0.54237948598889751        2.8363840980543373        0.0000000000000000     
   1.3250000000000002      -0.46871004079062806        3.0551722123726690        0.0000000000000000     
   1.3500000000000001      -0.38975337243064773        3.2580059768049097       -5.5511151231257827E-016
   1.3750000000000000      -0.30601618922850082        3.4360337915329890        0.0000000000000000     
   1.4000000000000001      -0.21823972004408032        3.5795069262404136        0.0000000000000000     
   1.4250000000000000      -0.12740770563804288        3.6790226967787203       -5.5511151231257827E-016
   1.4500000000000002       -3.4717759127006503E-002   3.7271586071797778        4.4408920985006262E-016
   1.4750000000000001        5.8488498072549439E-002   3.7200404533510136        0.0000000000000000     
   1.5000000000000000       0.15082745322459512        3.6582531938528358       -2.2204460492503131E-016
   1.5250000000000001       0.24098553435112874        3.5466994582293339        4.4408920985006262E-016
   1.5500000000000000       0.32781469643385874        3.3934692738654522        0.0000000000000000     
   1.5750000000000002       0.41039202242649714        3.2081993013467027        0.0000000000000000     
   1.6000000000000001       0.48803813063190610        3.0005057670799240       -2.2204460492503131E-016
   1.6250000000000000       0.56030168493905275        2.7788796088197438       -2.2204460492503131E-016
   1.6500000000000001       0.62692333860851657        2.5501408377070471        4.4408920985006262E-016
   1.6750000000000000       0.68779201914735699        2.3193437936994146        2.2204460492503131E-016
   1.7000000000000002       0.74290262329145806        2.0899550008058840        4.4408920985006262E-016
   1.7250000000000001       0.79231988380457552        1.8641472912861166       -2.2204460492503131E-016
   1.7500000000000000       0.83614992394306720        1.6431083494632741       -3.3306690738754696E-016
   1.7750000000000001       0.87451912689204592        1.4273121282497305       -2.2204460492503131E-016
   1.8000000000000000       0.90755911756629204        1.2167353888201125        0.0000000000000000     
   1.8250000000000002       0.93539646616669436        1.0110198728663675        4.4408920985006262E-016
   1.8500000000000001       0.95814584899695709       0.80958836862205963        2.2204460492503131E-016
   1.8750000000000000       0.97590564095956334       0.61172486388706204        4.4408920985006262E-016
   1.9000000000000001       0.98875516304548383       0.41662824221291228        0.0000000000000000     
   1.9250000000000000       0.99675302479587513       0.22344734160475221        2.2204460492503131E-016
   1.9500000000000002       0.99993617582053795        3.1303518352449489E-002   2.2204460492503131E-016
   1.9750000000000001       0.99831941616537112      -0.16069450379706182        4.4408920985006262E-016
   2.0000000000000000       0.99189522219042414      -0.35343965631413460        2.2204460492503131E-016
   2.0249999999999999       0.98063383355313805      -0.54781607620521167        4.4408920985006262E-016
   2.0500000000000003       0.96448362874214577      -0.74468590919874811        0.0000000000000000     
   2.0750000000000002       0.94337190204949650      -0.94486973345078518        4.4408920985006262E-016
   2.1000000000000001       0.91720625467956973       -1.1491161777798347        2.2204460492503131E-016
   2.1250000000000000       0.88587693782727506       -1.3580550793584325        4.4408920985006262E-016
   2.1499999999999999       0.84926064629361198       -1.5721269285414619        4.4408920985006262E-016
   2.1750000000000003       0.80722646415868293       -1.7914796356026386        6.6613381477509392E-016
   2.2000000000000002       0.75964490503440862       -2.0158224829814042       -2.2204460492503131E-016
   2.2250000000000001       0.70640123923008213       -2.2442279176584545        2.2204460492503131E-016
   2.2500000000000000       0.64741447961225673       -2.4748772457868675        4.4408920985006262E-016
   2.2749999999999999       0.58266334209040094       -2.7047605369449550        4.4408920985006262E-016
   2.3000000000000003       0.51221991970486003       -2.9293693306844291        2.2204460492503131E-016
   2.3250000000000002       0.43629031155617792       -3.1424661254444568       -2.2204460492503131E-016
   2.3500000000000001       0.35525865389871880       -3.3360704152969713       -5.5511151231257827E-016
   2.3750000000000000       0.26972694358117200       -3.5008393722578948        4.4408920985006262E-016
   2.4000000000000004       0.18053878930106387       -3.6269881652391418        8.8817841970012523E-016
   2.4250000000000003        8.8773309988132265E-002  -3.7057345095604020        0.0000000000000000     
   2.4500000000000002       -4.3008982638137738E-003  -3.7309746529984569       -6.6613381477509392E-016
   2.4750000000000001       -9.7311045523211709E-002  -3.7006453916783557       -3.3306690738754696E-016
   2.5000000000000000      -0.18888957164284437       -3.6172195390031083        0.0000000000000000     
   2.5250000000000004      -0.27778231617341209       -3.4871141719819532        2.2204460492503131E-016
   2.5500000000000003      -0.36293059774187969       -3.3192740725780525        4.4408920985006262E-016
   2.5750000000000002      -0.44351338366262155       -3.1234969698409651        0.0000000000000000     
   2.6000000000000001      -0.51895010771579686       -2.9090297664500269        0.0000000000000000     
   2.6250000000000000      -0.58887485777517390       -2.6837008357238554        4.4408920985006262E-016
   2.6500000000000004      -0.65309572542003047       -2.4535831028505899       -5.5511151231257827E-016
   2.6750000000000003      -0.71155083864433499       -2.2230351710062402        0.0000000000000000     
   2.7000000000000002      -0.76426827852109214       -1.9949439149778465        0.0000000000000000     
   2.7250000000000001      -0.81133311605820635       -1.7710338150643732       -3.3306690738754696E-016
   2.7500000000000000      -0.85286213999285865       -1.5521638916915346       -2.2204460492503131E-016
   2.7750000000000004      -0.88898545142647867       -1.3385769656666939       -2.2204460492503131E-016
   2.8000000000000003      -0.91983358772918156       -1.1300927593545991       -2.2204460492503131E-016
   2.8250000000000002      -0.94552881393885335      -0.92624956961415006        0.0000000000000000     
   2.8500000000000001      -0.96617941112199313      -0.72640407262467421        0.0000000000000000     
   2.8750000000000000      -0.98187604248289029      -0.52979934201860979       -2.2204460492503131E-016
   2.9000000000000004      -0.99268951619857393      -0.33560989600794755       -3.3306690738754696E-016
   2.9250000000000003      -0.99866946294908332      -0.14297086774919132       -3.3306690738754696E-016
   2.9500000000000002      -0.99984360319691168        4.9003176627181788E-002  -2.2204460492503131E-016
   2.9750000000000001      -0.99621740161502093       0.24120543799973329       -2.2204460492503131E-016
   3.0000000000000000      -0.98777400409031957       0.43452652095896488       -2.2204460492503131E-016
   3.0250000000000004      -0.97447443739334572       0.62984324385270885       -3.3306690738754696E-016
   3.0500000000000003      -0.95625813366100454       0.82800325009561782       -5.5511151231257827E-016
   3.0750000000000002      -0.93304393196794067        1.0298015099562958       -5.5511151231257827E-016
   3.1000000000000001      -0.90473181833940552        1.2359438240907772       -2.2204460492503131E-016
   3.1250000000000000      -0.87120580444859164        1.4469910417088139       -2.2204460492503131E-016
   3.1500000000000004      -0.83233852323325952        1.6632760129881721        0.0000000000000000     
   3.1750000000000003      -0.78799834006320479        1.8847836950359027       -2.2204460492503131E-016
   3.2000000000000002      -0.73806002850988306        2.1109842479904608        0.0000000000000000     
   3.2250000000000001      -0.68242029379608116        2.3406112703980031       -3.3306690738754696E-016
   3.2500000000000000      -0.62101953438661062        2.5713858270682683        0.0000000000000000     
   3.2750000000000004      -0.55387100066308947        2.7997064205794633       -3.3306690738754696E-016
   3.3000000000000003      -0.48109759994997547        3.0203604568129627       -2.2204460492503131E-016
   3.3250000000000002      -0.40297459124149415        3.2263642569995055       -3.3306690738754696E-016
   3.3500000000000001      -0.31997304263703574        3.4090921211318110       -5.5511151231257827E-016
   3.3750000000000000      -0.23279457313752375        3.5588711052141795        4.4408920985006262E-016
   3.4000000000000004      -0.14238423637908770        3.6661367450807565        0.0000000000000000     
   3.4250000000000003       -4.9908468079432847E-002   3.7230275860669266        4.4408920985006262E-016
   3.4500000000000002        4.3308273850714132E-002   3.7250043583712449        2.2204460492503131E-016
   3.4750000000000001       0.13588151487523834        3.6719045455090917        2.2204460492503131E-016
   3.5000000000000000       0.22647900442474381        3.5679817167791876        4.4408920985006262E-016
   3.5250000000000004       0.31392053680858889        3.4209119368245546        4.4408920985006262E-016
   3.5500000000000003       0.39724416339115098        3.2401947575260630        4.4408920985006262E-016
   3.5750000000000002       0.47573108803557257        3.0355400134015671       -2.2204460492503131E-016
   3.6000000000000001       0.54889486585551761        2.8156736408288592        6.6613381477509392E-016
   3.6250000000000000       0.61644774951118042        2.5877044969893639        6.6613381477509392E-016
   3.6500000000000004       0.67825748470578651        2.3569678444954283        0.0000000000000000     
   3.6750000000000003       0.73430434479266005        2.1271706619449020        8.8817841970012523E-016
   3.7000000000000002       0.78464381864461097        1.9006752674400200        4.4408920985006262E-016
   3.7250000000000001       0.82937690173170064        1.6788101776522799        6.6613381477509392E-016
   3.7500000000000000       0.86862784239648172        1.4621494744849606        4.4408920985006262E-016
   3.7750000000000004       0.90252822180487147        1.2507385882939457        8.8817841970012523E-016
   3.8000000000000003       0.93120597910901715        1.0442648876198009        6.6613381477509392E-016
   3.8250000000000002       0.95477808513578521       0.84218057604394925        6.6613381477509392E-016
   3.8500000000000001       0.97334579756905437       0.64378802070539054        4.4408920985006262E-016
   3.8750000000000000       0.98699168193338171       0.44829718353736836        6.6613381477509392E-016
   3.9000000000000004       0.99577780589089426       0.25486325913119440        6.6613381477509392E-016
   3.9250000000000003       0.99974469536581811        6.2610919255872977E-002   6.6613381477509392E-016
   3.9500000000000002       0.99891078240357389      -0.12934986133290399        6.6613381477509392E-016
   3.9750000000000001       0.99327218550945096      -0.32191243220327503        1.1102230246251565E-015
   4.0000000000000000       0.98280275432273334      -0.51596315168798312        4.4408920985006262E-016
   4.0250000000000004       0.96745439275768463      -0.71236887138197214        6.6613381477509392E-016
   4.0499999999999998       0.94715775887016962      -0.91195867613486503        4.4408920985006262E-016
   4.0750000000000002       0.92182353642921566       -1.1154956131322724        4.4408920985006262E-016
   4.1000000000000005       0.89134459343588812       -1.3236329838067724        6.6613381477509392E-016
   4.1250000000000000       0.85559949715356276       -1.5368482248180735        8.8817841970012523E-016
   4.1500000000000004       0.81445805115159264       -1.7553456797070064        1.1102230246251565E-015
   4.1749999999999998       0.76778975575324648       -1.9789182319079885        1.1102230246251565E-015
   4.2000000000000002       0.71547634534937854       -2.2067580981602952        1.1102230246251565E-015
   4.2250000000000005       0.65742975546442706       -2.4372114899088024        1.1102230246251565E-015
   4.2500000000000000       0.59361687100209326       -2.6674843054963091        8.8817841970012523E-016
   4.2750000000000004       0.52409194010519045       -2.8933316805134135        4.4408920985006262E-016
   4.2999999999999998       0.44903621990390996       -3.1088068918079363        0.0000000000000000     
   4.3250000000000002       0.36880185321215475       -3.3062004026017107        1.1102230246251565E-015
   4.3500000000000005       0.28395308694306709       -3.4763440811180164        6.6613381477509392E-016
   4.3750000000000000       0.19529358654715173       -3.6094385450795659        1.1102230246251565E-015
   4.4000000000000004       0.10386607721623051       -3.6964240482056989        1.3322676295501878E-015
   4.4249999999999998        1.0913139226013044E-002  -3.7306511106783620        8.8817841970012523E-016
   4.4500000000000002       -8.2202326303103229E-002  -3.7093355517917059        0.0000000000000000     
   4.4750000000000005      -0.17410415414526784       -3.6342226647493123        4.4408920985006262E-016
   4.5000000000000000      -0.26351315006842024       -3.5111671456563878        4.4408920985006262E-016
   4.5250000000000004      -0.34933474836308670       -3.3488163929189851        4.4408920985006262E-016
   4.5499999999999998      -0.43070801365968314       -3.1569368487085923        4.4408920985006262E-016
   4.5750000000000002      -0.50701432926258139       -2.9449397876282561       -2.2204460492503131E-016
   4.6000000000000005      -0.57785531283709435       -2.7209205634282032        6.6613381477509392E-016
   4.6250000000000000      -0.64301369816320220       -2.4912433770745555        4.4408920985006262E-016
   4.6500000000000004      -0.70240929860316270       -2.2605332963578255        4.4408920985006262E-016
   4.6749999999999998      -0.75605797847702083       -2.0318966665165430        4.4408920985006262E-016
   4.7000000000000002      -0.80403743610162759       -1.8072263581429611        1.1102230246251565E-015
   4.7250000000000005      -0.84646070944557428       -1.5875040801472635        4.4408920985006262E-016
   4.7500000000000000      -0.88345673616033893       -1.3730585115436513        1.1102230246251565E-015
   4.7750000000000004      -0.91515667162753367       -1.1637674618745113        8.8817841970012523E-016
   4.8000000000000007      -0.94168458683970668      -0.95920733829198734        4.4408920985006262E-016
   4.8250000000000002      -0.96315133738424075      -0.75875907384119479        4.4408920985006262E-016
   4.8500000000000005      -0.97965064301371629      -0.56168068493650980        8.8817841970012523E-016
   4.8750000000000000      -0.99125666029355397      -0.36715553548003899        6.6613381477509392E-016
   4.9000000000000004      -0.99802253679706432      -0.17432368233002749        4.4408920985006262E-016
   4.9250000000000007      -0.99997959890201982        1.7697940158849595E-002   4.4408920985006262E-016
   4.9500000000000002      -0.99713695258182933       0.20980199751822379        4.4408920985006262E-016
   4.9750000000000005      -0.98948137782907142       0.40288022035309101        6.6613381477509392E-016
   5.0000000000000000      -0.97697748345242796       0.59781257133054666        4.4408920985006262E-016
   5.0250000000000004      -0.95956817074253808       0.79545278872078751        4.4408920985006262E-016
   5.0500000000000007      -0.93717554257884850       0.99660651338700346        4.4408920985006262E-016
   5.0750000000000002      -0.90970249978518913        1.2019972999378026        4.4408920985006262E-016
   5.1000000000000005      -0.87703539985960699        1.4122144785943602        6.6613381477509392E-016
   5.1250000000000000      -0.83904832435153420        1.6276351722264071        4.4408920985006262E-016
   5.1500000000000004      -0.79560971490097765        1.8483111129595620        6.6613381477509392E-016
   5.1750000000000007      -0.74659238544607254        2.0738100570493643        6.6613381477509392E-016
   5.2000000000000002      -0.69188816019839194        2.3030032544045316        0.0000000000000000     
   5.2250000000000005      -0.63142852634643776        2.5337976301629941        1.1102230246251565E-015
   5.2500000000000000      -0.56521253398545013        2.7628286733034386        6.6613381477509392E-016
   5.2750000000000004      -0.49334240467496582        2.9851626029830132        6.6613381477509392E-016
   5.3000000000000007      -0.41606550976666079        3.1941056976538187        1.1102230246251565E-015
   5.3250000000000002      -0.33381823088272189        3.3812737323126956        4.4408920985006262E-016
   5.3500000000000005      -0.24726295022104511        3.5371005327525009        6.6613381477509392E-016
   5.3750000000000000      -0.15730546341845741        3.6519032039063788        1.1102230246251565E-015
   5.4000000000000004       -6.5079329058971833E-002   3.7174257844782055        6.6613381477509392E-016
   5.4250000000000007        2.8110812354060252E-002   3.7284930684377549        0.0000000000000000     
   5.4500000000000002       0.12088267202536922        3.6841961530913445       -2.2204460492503131E-016
   5.4750000000000005       0.21188802484680674        3.5881120944350973        8.8817841970012523E-016
   5.5000000000000000       0.29991628251737501        3.4474590715223767        1.3322676295501878E-015
   5.5250000000000004       0.38396711300582409        3.2715556349378132        4.4408920985006262E-016
   5.5500000000000007       0.46328198854173347        3.0701731750189261        1.3322676295501878E-015
   5.5750000000000002       0.53733843024851591        2.8522560065796791        1.1102230246251565E-015
   5.6000000000000005       0.60581911940479904        2.6251980759045348        6.6613381477509392E-016
   5.6250000000000000       0.66856946543030549        2.3946197977111741        1.3322676295501878E-015
   5.6500000000000004       0.72555412179636558        2.1644763895765320        8.8817841970012523E-016
   5.6750000000000007       0.77681854370735282        1.9373280476205963        4.4408920985006262E-016
   5.7000000000000002       0.82245800939088309        1.7146515964467701        6.6613381477509392E-016
   5.7250000000000005       0.86259421187709373        1.4971272542972278        6.6613381477509392E-016
   5.7500000000000000       0.89735839942385365        1.2848736413893760        1.1102230246251565E-015
   5.7750000000000004       0.92687968751968175        1.0776270001962542        1.3322676295501878E-015
   5.8000000000000007       0.95127721702666890       0.87487119871843400        1.1102230246251565E-015
   5.8250000000000002       0.97065505041748223       0.67592849392273691        6.6613381477509392E-016
   5.8500000000000005       0.98509895058491337       0.48002091378132650        1.1102230246251565E-015
   5.8750000000000000       0.99467441611323015       0.28631064389943606        8.8817841970012523E-016
   5.9000000000000004       0.99942553488910613        9.3926084148808264E-002   8.8817841970012523E-016
   5.9250000000000007       0.99937436525781398       -9.8021244335180058E-002   8.8817841970012523E-016
   5.9500000000000002       0.99452066902849356      -0.29042484167486032        1.1102230246251565E-015
   5.9750000000000005       0.98484191421116063      -0.48417296207234761        8.8817841970012523E-016
   6.0000000000000000       0.97029354835202508      -0.68013668625082568        8.8817841970012523E-016
   6.0250000000000004       0.95080962643120037      -0.87915286518189151        1.1102230246251565E-015
   6.0500000000000007       0.92630397120993857       -1.0819978165225286        6.6613381477509392E-016
   6.0750000000000002       0.89667215959106350       -1.2893465656832723        6.6613381477509392E-016
   6.1000000000000005       0.86179477667797055       -1.5017109308759573        8.8817841970012523E-016
   6.1250000000000000       0.82154256812378534       -1.7193480295981221        6.6613381477509392E-016
   6.1500000000000004       0.77578435155430336       -1.9421293259740440        6.6613381477509392E-016
   6.1750000000000007       0.72439880042331972       -2.1693602674639028        1.1102230246251565E-015
   6.2000000000000002       0.66729142920564399       -2.3995440749088761        6.6613381477509392E-016
   6.2250000000000005       0.60441815475629235       -2.6300940572825651        4.4408920985006262E-016
   6.2500000000000000       0.53581644117663374       -2.8570219816488001        1.3322676295501878E-015
   6.2750000000000004       0.46164388565277908       -3.0746698870899882        8.8817841970012523E-016
   6.3000000000000007       0.38222175892973231       -3.2756069224220417        1.3322676295501878E-015
   6.3250000000000002       0.29807731592938652       -3.4508615772376241        1.1102230246251565E-015
   6.3500000000000005       0.20997429567575754       -3.5906569090319129        4.4408920985006262E-016
   6.3750000000000000       0.11891799135492935       -3.6857013345059042        8.8817841970012523E-016
   6.4000000000000004        2.6122822963711212E-002  -3.7288397128369821        1.1102230246251565E-015
   6.4250000000000007       -6.7061101281468291E-002  -3.7165852583910288        1.1102230246251565E-015
   6.4500000000000002      -0.15925200310755577       -3.6499441188870776        1.1102230246251565E-015
   6.4750000000000005      -0.24914802280644011       -3.5341723011421102        1.1102230246251565E-015
   6.5000000000000000      -0.33562001646527639       -3.3775740094076130        1.1102230246251565E-015
   6.5250000000000004      -0.41776735433705958       -3.1898444925719467        1.3322676295501878E-015
   6.5500000000000007      -0.49493275028181094       -2.9805338056799395        1.3322676295501878E-015
   6.5750000000000002      -0.56668428415830274       -2.7579935741144586        1.3322676295501878E-015
   6.6000000000000005      -0.63277814331948701       -2.5288794696113248        1.3322676295501878E-015
   6.6250000000000000      -0.69311472709718225       -2.2980892029646784        1.3322676295501878E-015
   6.6500000000000004      -0.74769677112296440       -2.0689568969101164        1.1102230246251565E-015
   6.6750000000000007      -0.79659389783832268       -1.8435519392508732        1.3322676295501878E-015
   6.7000000000000002      -0.83991488017894111       -1.6229856163915362        1.3322676295501878E-015
   6.7250000000000005      -0.87778713136996056       -1.4076778345119390        1.3322676295501878E-015
   6.7500000000000000      -0.91034217994308830       -1.1975684459258034        1.1102230246251565E-015
   6.7750000000000004      -0.93770574179530897      -0.99227476387770452        1.1102230246251565E-015
   6.8000000000000007      -0.95999114426627374      -0.79120388898378613        1.1102230246251565E-015
   6.8250000000000002      -0.97729510016704713      -0.59363004866348912        1.1102230246251565E-015
   6.8500000000000005      -0.98969507672533474      -0.39874627415874930        1.1102230246251565E-015
   6.8750000000000000      -0.99724771726717876      -0.20569807346877189        1.3322676295501878E-015
   6.9000000000000004      -0.99998794371772670       -1.3605101145682030E-002   1.1102230246251565E-015
   6.9250000000000007      -0.99792850061245053       0.17842449968034563        1.1102230246251565E-015
   6.9500000000000002      -0.99105980606520139       0.37128330446443275        1.3322676295501878E-015
   6.9750000000000005      -0.97935006296906479       0.56585404363027947        1.1102230246251565E-015
   7.0000000000000000      -0.96274566544195583       0.76299597837482924        1.3322676295501878E-015
   7.0250000000000004      -0.94117202184155702       0.96352452877973382        1.3322676295501878E-015
   7.0500000000000007      -0.91453501736118692        1.1681796328275085        1.3322676295501878E-015
   7.0750000000000002      -0.88272346723061224        1.3775770473512658        1.5543122344752192E-015
   7.1000000000000005      -0.84561307599344560        1.5921351792684797        1.3322676295501878E-015
   7.1250000000000000      -0.80307262521894962        1.8119683364133790        1.3322676295501878E-015
   7.1500000000000004      -0.75497335558813805        2.0367362224043908        1.3322676295501878E-015
   7.1750000000000007      -0.70120275694906820        2.2654405829991724        1.3322676295501878E-015
   7.2000000000000002      -0.64168414621649916        2.4961659332765729        1.1102230246251565E-015
   7.2250000000000005      -0.57640332306752251        2.7257766161161912        1.3322676295501878E-015
   7.2500000000000000      -0.50544294946475832        2.9496122540634997        1.5543122344752192E-015
   7.2750000000000004      -0.42902369495090048        3.1612705187893919        8.8817841970012523E-016
   7.3000000000000007      -0.34754826712176651        3.3526218945109276        1.5543122344752192E-015
   7.3250000000000002      -0.26164030567873037        3.5142354522864578        1.3322676295501878E-015
   7.3500000000000005      -0.17216595126464423        3.6363517503290246        1.7763568394002505E-015
   7.3750000000000000       -8.0224368830632969E-002   3.7103656626936425        2.2204460492503131E-015
   7.4000000000000004        1.2902146188466607E-002   3.7304987703472898        1.3322676295501878E-015
   7.4250000000000007       0.10583652364620491        3.6951018646006286        1.1102230246251565E-015
   7.4500000000000002       0.19721737165300346        3.6070521314730644        1.1102230246251565E-015
   7.4750000000000005       0.28580567346744057        3.4730674905174839        1.7763568394002505E-015
   7.5000000000000000       0.37056354302637329        3.3022405835479693        1.5543122344752192E-015
   7.5250000000000004       0.45069253934460191        3.1043699144046268        1.3322676295501878E-015
   7.5500000000000007       0.52563329710176987        2.8885990985905816        1.3322676295501878E-015
   7.5750000000000002       0.59503777432413274        2.6626016312094665        1.3322676295501878E-015
   7.6000000000000005       0.65872787435273183        2.4322863408118991        2.2204460492503131E-015
   7.6250000000000000       0.71665160319247545        2.2018641319055767        1.7763568394002505E-015
   7.6500000000000004       0.76884355828885043        1.9741015085540499        2.2204460492503131E-015
   7.6750000000000007       0.81539268025973033        1.7506312858366462        1.9984014443252818E-015
   7.7000000000000002       0.85641766134544228        1.5322460760781429        2.2204460492503131E-015
   7.7250000000000005       0.89204910883227306        1.3191424414595885        1.9984014443252818E-015
   7.7500000000000000       0.92241710830589607        1.1111089347344270        2.2204460492503131E-015
   7.7750000000000004       0.94764283671293603       0.90766348152393750        1.9984014443252818E-015
   7.8000000000000007       0.96783307695173226       0.70814984358708655        1.7763568394002505E-015
   7.8250000000000002       0.98307673794412320       0.51180317514129670        1.7763568394002505E-015
   7.8500000000000005       0.99344271931442851       0.31779333499943774        1.5543122344752192E-015
   7.8750000000000000       0.99897865482008497       0.12525289223530556        1.5543122344752192E-015
   7.9000000000000004       0.99971022217686867       -6.6704777502825774E-002   1.5543122344752192E-015
   7.9250000000000007       0.99564082656875175      -0.25897305862138342        1.5543122344752192E-015
   7.9500000000000002       0.98675156147060583      -0.45244179121370476        1.9984014443252818E-015
   7.9750000000000005       0.97300143438849518      -0.64798584010013505        1.7763568394002505E-015
   8.0000000000000000       0.95432792747432416      -0.84644913367102448        1.7763568394002505E-015
   8.0250000000000004       0.93064805438863696       -1.0486201900206011        1.7763568394002505E-015
   8.0500000000000007       0.90186018616392472       -1.2551941294775686        2.2204460492503131E-015
   8.0750000000000011       0.86784706097541819       -1.4667147392370263        1.9984014443252818E-015
   8.0999999999999996       0.82848057463810520       -1.6834884491079907        1.7763568394002505E-015
   8.1250000000000000       0.78362917268566190       -1.9054605211284525        1.9984014443252818E-015
   8.1500000000000004       0.73316891645732851       -2.1320433430674206        1.5543122344752192E-015
   8.1750000000000007       0.67699952384854500       -2.3618894367410341        1.9984014443252818E-015
   8.2000000000000011       0.61506677225111706       -2.5926110900946662        2.2204460492503131E-015
   8.2249999999999996       0.54739237326707335       -2.8204693038440922        1.9984014443252818E-015
   8.2500000000000000       0.47411143563658009       -3.0400917532661946        2.2204460492503131E-015
   8.2750000000000004       0.39551550688797410       -3.2443320561247937        1.7763568394002505E-015
   8.3000000000000007       0.31209569214698502       -3.4244347271826525        1.5543122344752192E-015
   8.3250000000000011       0.22457596714784528       -3.5706800099911087        2.2204460492503131E-015
   8.3499999999999996       0.13392333973532891       -3.6735894987900761        1.9984014443252818E-015
   8.3750000000000000        4.1322092927949292E-002  -3.7255445289474594        1.7763568394002505E-015
   8.4000000000000004       -5.1893278023422140E-002  -3.7223785081026364        2.2204460492503131E-015
   8.4250000000000007      -0.14433841129191449       -3.6643517101491403        1.7763568394002505E-015
   8.4500000000000011      -0.23469129178973427       -3.5560882880859923        1.3322676295501878E-015
   8.4749999999999996      -0.32178968970271404       -3.4055038270330007        1.7763568394002505E-015
   8.5000000000000000      -0.40469365562635540       -3.2221807106109979        1.5543122344752192E-015
   8.5250000000000004      -0.48270672457612540       -3.0157796304808784        1.7763568394002505E-015
   8.5500000000000007      -0.55536241917719409       -2.7948955483903593        1.9984014443252818E-015
   8.5750000000000011      -0.62238919380905366       -2.5664743683602542        1.3322676295501878E-015
   8.5999999999999996      -0.68366691051509132       -2.3356919500110500        2.2204460492503131E-015
   8.6250000000000000      -0.73918423071270523       -2.1061183505255086        1.7763568394002505E-015
   8.6500000000000004      -0.78900196437105174       -1.8800077306919145        1.9984014443252818E-015
   8.6750000000000007      -0.83322407655220565       -1.6586080796563332        1.7763568394002505E-015
   8.7000000000000011      -0.87197607268180932       -1.4424361469961515        1.5543122344752192E-015
   8.7249999999999996      -0.90538959301390265       -1.2314979984811112        1.5543122344752192E-015
   8.7500000000000000      -0.93359182555475295       -1.0254548193059709        1.5543122344752192E-015
   8.7750000000000004      -0.95669845858019564      -0.82374191500935834        1.7763568394002505E-015
   8.8000000000000007      -0.97480912911635886      -0.62565108240937573        1.7763568394002505E-015
   8.8250000000000011      -0.98800457385282414      -0.43038590312993807        1.9984014443252818E-015
   8.8499999999999996      -0.99634490849832413      -0.23709790288512506        2.2204460492503131E-015
   8.8750000000000000      -0.99986863867908593       -4.4909829973842352E-002   1.7763568394002505E-015
   8.9000000000000004      -0.99859214362666504       0.14706908370509261        1.9984014443252818E-015
   8.9250000000000007      -0.99250948246049064       0.33973198438385732        1.9984014443252818E-015
   8.9500000000000011      -0.98159246271432643       0.53396401559491358        2.2204460492503131E-015
   8.9749999999999996      -0.96579099275642810       0.73062942908663342        1.9984014443252818E-015
   9.0000000000000000      -0.94503382458896856       0.93055259471523577        1.9984014443252818E-015
   9.0250000000000004      -0.91922989194379123        1.1344885541245215        1.9984014443252818E-015
   9.0500000000000007      -0.88827057157402534        1.3430775638681249        1.9984014443252818E-015
   9.0750000000000011      -0.85203335356411680        1.5567764973003138        1.7763568394002505E-015
   9.0999999999999996      -0.81038760639035046        1.7757582546399235        1.3322676295501878E-015
   9.1250000000000000      -0.76320336132410704        1.9997690857476405        1.7763568394002505E-015
   9.1500000000000004      -0.71036429179556726        2.2279343119032315        2.2204460492503131E-015
   9.1750000000000007      -0.65178625196797735        2.4585078927301653        2.2204460492503131E-015
   9.2000000000000011      -0.58744270746057192        2.6885747340040576        1.3322676295501878E-015
   9.2249999999999996      -0.51739786331011506        2.9137417651853128        1.3322676295501878E-015
   9.2500000000000000      -0.44184687593421101        3.1278980358675588        1.3322676295501878E-015
   9.2750000000000004      -0.36115984071500556        3.3231797331332764        1.5543122344752192E-015
   9.3000000000000007      -0.27592226009223764        3.4903170995063020        1.5543122344752192E-015
   9.3250000000000011      -0.18696039006627690        3.6195142973317656        1.9984014443252818E-015
   9.3499999999999996       -9.5337671404291835E-002   3.7018628208938975        2.6645352591003757E-015
   9.3750000000000000       -2.3116669105076038E-003   3.7310169592788682        2.2204460492503131E-015
   9.4000000000000004        9.0748769978413316E-002   3.7045981900687481        1.3322676295501878E-015
   9.4250000000000007       0.18247197473069687        3.6247648641065329        1.3322676295501878E-015
   9.4500000000000011       0.27159262518381266        3.4976942781235700        1.3322676295501878E-015
   9.4749999999999996       0.35703629520040303        3.3322075987513671        1.7763568394002505E-015
   9.5000000000000000       0.43796459411350364        3.1380937370815079        2.2204460492503131E-015
   9.5250000000000004       0.51378050061352865        2.9246740161444622        2.2204460492503131E-015
   9.5500000000000007       0.58410412405810430        2.6998940235021363        1.9984014443252818E-015
   9.5750000000000011       0.64873268079900659        2.4699531701569475        1.7763568394002505E-015
   9.6000000000000014       0.70759647224842859        2.2393250739053516        2.2204460492503131E-015
   9.6250000000000000       0.76071837962538558        2.0109909694595696        2.2204460492503131E-015
   9.6500000000000004       0.80818035384910492        1.7867475348776460        2.2204460492503131E-015
   9.6750000000000007       0.85009761486647806        1.5675062832563440        2.6645352591003757E-015
   9.7000000000000011       0.88659980106931591        1.3535467077086851        2.2204460492503131E-015
   9.7250000000000014       0.91781774748992839        1.1447133043164306        2.2204460492503131E-015
   9.7500000000000000       0.94387452314384335       0.94056060076628689        1.9984014443252818E-015
   9.7750000000000004       0.96487954018335043       0.74045558900213193        2.6645352591003757E-015
   9.8000000000000007       0.98092479774098307       0.54364768692747578        2.2204460492503131E-015
   9.8250000000000011       0.99208256371365811       0.34931516014060249        2.4424906541753444E-015
   9.8500000000000014       0.99840399977628747       0.15659521934359011        2.2204460492503131E-015
   9.8750000000000000       0.99991839479920530       -3.5396582007790611E-002   2.2204460492503131E-015
   9.9000000000000004       0.99663279632516966      -0.22755324535505186        2.2204460492503131E-015
   9.9250000000000007       0.98853192915146570      -0.42076589977786377        1.9984014443252818E-015
   9.9500000000000011       0.97557837531693414      -0.61591277800557409        2.2204460492503131E-015
   9.9750000000000014       0.95771307168396214      -0.81384424537458033        2.2204460492503131E-015
   10.000000000000000       0.93485627050677655       -1.0153600235329066        2.2204460492503131E-015
   10.025000000000000       0.90690921574902938       -1.2211738039095965        2.2204460492503131E-015
   10.050000000000001       0.87375692434975882       -1.4318590751658085        2.2204460492503131E-015
   10.075000000000001       0.83527263663840590       -1.6477683080173846        2.2204460492503131E-015
   10.100000000000001       0.79132471763394685       -1.8689160118088697        2.4424906541753444E-015
   10.125000000000000       0.74178704024255382       -2.0948154745080942        2.6645352591003757E-015
   10.150000000000000       0.68655411922960263       -2.3242610154170928        2.4424906541753444E-015
   10.175000000000001       0.62556238677755416       -2.5550555019846146        2.4424906541753444E-015
   10.200000000000001       0.55881880262843819       -2.7837014235898208        3.1086244689504383E-015
   10.225000000000001       0.48643714377934444       -3.0051079818423880        2.4424906541753444E-015
   10.250000000000000       0.40868040326005262       -3.2124172458876608        2.2204460492503131E-015
   10.275000000000000       0.32600445266927308       -3.3971066931500959        3.1086244689504383E-015
   10.300000000000001       0.23909380447125478       -3.5495461238800017        2.6645352591003757E-015
   10.325000000000001       0.14887650953313775       -3.6601143541806938        2.6645352591003757E-015
   10.350000000000001        5.6504912461724260E-002  -3.7207729422197793        2.6645352591003757E-015
   10.375000000000000       -3.6704823009681337E-002  -3.7267024248522214        2.2204460492503131E-015
   10.400000000000000      -0.12936879828621581       -3.6774154584874390        2.4424906541753444E-015
   10.425000000000001      -0.22014748114004573       -3.5768747216694994        2.8865798640254070E-015
   10.450000000000001      -0.30784723185198720       -3.4325625861006541        3.3306690738754696E-015
   10.475000000000001      -0.39148932916906931       -3.2539053959588085        2.8865798640254070E-015
   10.500000000000000      -0.47033773977344090       -3.0506438204652322        2.6645352591003757E-015
   10.525000000000000      -0.54389046709264188       -2.8316008938109274        2.8865798640254070E-015
   10.550000000000001      -0.61184705419145935       -2.6040099436413415        2.8865798640254070E-015
   10.575000000000001      -0.67406568167246805       -2.3733297015375530        2.8865798640254070E-015
   10.600000000000001      -0.73051995836984829       -2.1433740987407388        2.8865798640254070E-015
   10.625000000000000      -0.78126111130816644       -1.9165904220499046        2.8865798640254070E-015
   10.650000000000000      -0.82638772531327032       -1.6943707156658407        2.6645352591003757E-015
   10.675000000000001      -0.86602299122804172       -1.4773344383188836        2.6645352591003757E-015
   10.700000000000001      -0.90029838214385782       -1.2655582617070129        2.8865798640254070E-015
   10.725000000000001      -0.92934237292749344       -1.0587503863673358        2.6645352591003757E-015
   10.750000000000000      -0.95327289339743182      -0.85637649343304989        2.4424906541753444E-015
   10.775000000000000      -0.97219243021917134      -0.65774740309609703        2.4424906541753444E-015
   10.800000000000001      -0.98618494461059714      -0.46207819600259148        2.6645352591003757E-015
   10.825000000000001      -0.99531399889740646      -0.26852702454885946        2.6645352591003757E-015
   10.850000000000001      -0.99962166898891158       -7.6220128530136461E-002   2.6645352591003757E-015
   10.875000000000000      -0.99912796378679780       0.11573188218619382        2.6645352591003757E-015
   10.900000000000000      -0.99383058519334233       0.30822245534768294        2.8865798640254070E-015
   10.925000000000001      -0.98370495453339768       0.50213881230288737        2.8865798640254070E-015
   10.950000000000001      -0.96870451375297517       0.69834969938026692        2.8865798640254070E-015
   10.975000000000001      -0.94876139340203958       0.89768766464555427        2.6645352591003757E-015
   11.000000000000000      -0.92378763487792093        1.1009216593276572        2.6645352591003757E-015
   11.025000000000000      -0.89367727264015284        1.3087146338109183        2.6645352591003757E-015
   11.050000000000001      -0.85830973370708863        1.5215592738848631        2.8865798640254070E-015
   11.075000000000001      -0.81755520462515718        1.7396832978457557        2.6645352591003757E-015
   11.100000000000001      -0.77128284957848126        1.9629143450939501        2.8865798640254070E-015
   11.125000000000000      -0.71937301579702750        2.1904946342650957        2.8865798640254070E-015
   11.150000000000000      -0.66173476930193220        2.4208395767443749        2.6645352591003757E-015
   11.175000000000001      -0.59833012398812047        2.6512462531611538        2.8865798640254070E-015
   11.200000000000001      -0.52920590455574001        2.8775822210761421        2.8865798640254070E-015
   11.225000000000001      -0.45453294019027812        3.0940265768491688        2.2204460492503131E-015
   11.250000000000000      -0.37464981632434141        3.2929900762582331        2.8865798640254070E-015
   11.275000000000000      -0.29010460387237891        3.4653874996791156        3.1086244689504383E-015
   11.300000000000001      -0.20168360434006694        3.6014248013526906        3.5527136788005009E-015
   11.325000000000001      -0.11041339063119236        3.6919358941571558        2.6645352591003757E-015
   11.350000000000001       -1.7524557639632274E-002   3.7300464698413114        2.8865798640254070E-015
   11.375000000000000        7.5625201361175565E-002   3.7126644538611728        2.6645352591003757E-015
   11.400000000000000       0.16765691129734861        3.6412150308025750        3.7747582837255322E-015
   11.425000000000001       0.25728122732437175        3.5212969765282263        3.5527136788005009E-015
   11.450000000000001       0.34338838369022295        3.3614141440942373        3.1086244689504383E-015
   11.475000000000001       0.42510015760414993        3.1713070455692676        3.3306690738754696E-015
   11.500000000000000       0.50178119546708211        2.9604505678649033        2.8865798640254070E-015
   11.525000000000000       0.57301866708173432        2.7370528911242005        2.8865798640254070E-015
   11.550000000000001       0.63858391450581831        2.5076049542802883        3.3306690738754696E-015
   11.575000000000001       0.69838844979559489        2.2768496008830641        2.6645352591003757E-015
   11.600000000000001       0.75244254522989851        2.0479911609617680        3.1086244689504383E-015
   11.625000000000000       0.80082047748497520        1.8229982173729593        3.1086244689504383E-015
   11.650000000000000       0.84363349567530399        1.6029079363358387        2.8865798640254070E-015
   11.675000000000001       0.88100992054014404        1.3880879724711823        2.6645352591003757E-015
   11.700000000000001       0.91308110067953852        1.1784426022593031        2.8865798640254070E-015
   11.725000000000001       0.93997184246586651       0.97356565839094389        2.8865798640254070E-015
   11.750000000000000       0.96179408886224149       0.77284920497820930        2.8865798640254070E-015
   11.775000000000000       0.97864286858954030       0.57555814316920928        2.6645352591003757E-015
   11.800000000000001       0.99059378194728409       0.38087993408232035        3.1086244689504383E-015
   11.825000000000001       0.99770149857923507       0.18795693675572536        2.8865798640254070E-015
   11.850000000000001       0.99999890894093901       -4.0927766396093301E-003   2.8865798640254070E-015
   11.875000000000000       0.99749670082227648      -0.19616155409649466        2.8865798640254070E-015
   11.900000000000000       0.99018323501242189      -0.38914152748934094        2.8865798640254070E-015
   11.925000000000001       0.97802468101286866      -0.58391390734316739        2.8865798640254070E-015
   11.950000000000001       0.96096545541583867      -0.78133490020800800        2.6645352591003757E-015
   11.975000000000001       0.93892909283997250      -0.98221450303487323        2.8865798640254070E-015
   12.000000000000000       0.91181978297248323       -1.1872835540080675        2.8865798640254070E-015
   12.025000000000000       0.87952493824555744       -1.3971431138131285        2.8865798640254070E-015
   12.050000000000001       0.84191932489069343       -1.6121886054223518        2.8865798640254070E-015
   12.075000000000001       0.79887150089643910       -1.8324994610972807        2.8865798640254070E-015
   12.100000000000001       0.75025355029765572       -2.0576840792390976        3.1086244689504383E-015
   12.125000000000000       0.69595534802353520       -2.2866712921912673        2.8865798640254070E-015
   12.150000000000000       0.63590474118445228       -2.5174462198028031        3.1086244689504383E-015
   12.175000000000001       0.57009490614677039       -2.7467448269419807        3.1086244689504383E-015
   12.200000000000001       0.49861942630825001       -2.9697528685355974        3.1086244689504383E-015
   12.225000000000001       0.42171392171582345       -3.1799031821393746        2.8865798640254070E-015
   12.250000000000000       0.33980001087415024       -3.3689207541574131        2.2204460492503131E-015
   12.275000000000000       0.25352316998835789       -3.5272948421209827        2.8865798640254070E-015
   12.300000000000001       0.16377199837722350       -3.6453042318296225        2.8865798640254070E-015
   12.325000000000001        7.1665281689344384E-002  -3.7145355988917133        2.6645352591003757E-015
   12.350000000000001       -2.1501748698765755E-002  -3.7295473472729217        2.8865798640254070E-015
   12.375000000000000      -0.11434870110723816       -3.6891077797137855        2.8865798640254070E-015
   12.400000000000000      -0.20552127734293774       -3.5964923882621318        3.1086244689504383E-015
   12.425000000000001      -0.29379628315575768       -3.4587070247204936        3.7747582837255322E-015
   12.450000000000001      -0.37815695186667603       -3.2849776185405788        2.6645352591003757E-015
   12.475000000000001      -0.45782742237250168       -3.0850917123219910        2.6645352591003757E-015
   12.500000000000000      -0.53226928408149710       -2.8680827328331691        2.8865798640254070E-015
   12.525000000000000      -0.60115200528946866       -2.6414669158703998        2.8865798640254070E-015
   12.550000000000001      -0.66431092353854426       -2.4109896888992619        2.8865798640254070E-015
   12.575000000000001      -0.72170358490230346       -2.1807165053899591        3.5527136788005009E-015
   12.600000000000001      -0.77337082878935048       -1.9532961918996432        3.3306690738754696E-015
   12.625000000000000      -0.81940525700225297       -1.7302724150873994        3.1086244689504383E-015
   12.650000000000000      -0.85992731458781957       -1.5123734590832449        3.1086244689504383E-015
   12.675000000000001      -0.89506801021514204       -1.2997512220670879        2.8865798640254070E-015
   12.700000000000001      -0.92495690716986767       -1.0921642483430158        3.1086244689504383E-015
   12.725000000000001      -0.94971404828456207      -0.88911090548870331        3.3306690738754696E-015
   12.750000000000000      -0.96944468915497395      -0.68992259224861185        3.3306690738754696E-015
   12.775000000000000      -0.98423596658417778      -0.49382690691681652        3.5527136788005009E-015
   12.800000000000001      -0.99415486117368190      -0.29998928332503572        2.8865798640254070E-015
   12.825000000000001      -0.99924700402201916      -0.10753987742070736        3.1086244689504383E-015
   12.850000000000001      -0.99953602747325199        8.4409022334190259E-002   3.1086244689504383E-015
   12.875000000000000      -0.99502327689774150       0.27675089848932777        3.1086244689504383E-015
   12.900000000000000      -0.98568779522979799       0.47037473177871425        2.8865798640254070E-015
   12.925000000000001      -0.97148657536718275       0.66615330051183708        3.5527136788005009E-015
   12.950000000000001      -0.95235515827604100       0.86492661339245780        3.1086244689504383E-015
   12.975000000000001      -0.92820874744297466        1.0674764177709597        3.1086244689504383E-015
   13.000000000000000      -0.89894412408885627        1.2744866666686621        2.8865798640254070E-015
   13.025000000000000      -0.86444279305762450        1.4864833605861985        2.8865798640254070E-015
   13.050000000000001      -0.82457597515203773        1.7037454634031988        3.1086244689504383E-015
   13.075000000000001      -0.77921228925470931        1.9261770876063584        2.8865798640254070E-015
   13.100000000000001      -0.72822921988288336        2.1531309178886877        2.8865798640254070E-015
   13.125000000000000      -0.67152968728354423        2.3831760006095148        2.4424906541753444E-015
   13.150000000000000      -0.60906510165283489        2.6138131612532334        3.1086244689504383E-015
   13.175000000000001      -0.54086595568772067        2.8411634215756210        3.1086244689504383E-015
   13.200000000000001      -0.46707992934945264        3.0596934103536251        2.6645352591003757E-015
   13.225000000000001      -0.38801523240645575        3.2620953123988210        2.4424906541753444E-015
   13.250000000000000      -0.30418330007373834        3.4394892699028605        2.8865798640254070E-015
   13.275000000000000      -0.21633056089902475        3.5821190628669921        2.8865798640254070E-015
   13.300000000000001      -0.12544576233313581        3.6806064285148277        2.4424906541753444E-015
   13.325000000000001       -3.2730458769813731E-002   3.7275894841204860        2.8865798640254070E-015
   13.350000000000001        6.0471686472411704E-002   3.7192829308721160        3.1086244689504383E-015
   13.375000000000000       0.15277739854369599        3.6563692752710963        2.6645352591003757E-015
   13.400000000000000       0.24287574142060719        3.5438337792276253        2.6645352591003757E-015
   13.425000000000001       0.32962299697168285        3.3898172855850728        3.3306690738754696E-015
   13.450000000000001       0.41210139002889956        3.2039712037249655        3.1086244689504383E-015
   13.475000000000001       0.48963666207711837        2.9958972810943116        3.5527136788005009E-015
   13.500000000000000       0.56178199558802311        2.7740546273246052        2.8865798640254070E-015
   13.525000000000000       0.62828166988543210        2.5452252979750676        3.1086244689504383E-015
   13.550000000000001       0.68902729756535619        2.3144272615254242        3.1086244689504383E-015
   13.575000000000001       0.74401561535732463        2.0850961929630327        3.1086244689504383E-015
   13.600000000000001       0.79331250805319975        1.8593807664474733        3.1086244689504383E-015
   13.625000000000000       0.83702472736915445        1.6384507939645021        3.7747582837255322E-015
   13.650000000000000       0.87527890580515200        1.4227675677218627        3.5527136788005009E-015
   13.675000000000001       0.90820665357508412        1.2122991928317586        3.5527136788005009E-015
   13.700000000000001       0.93593434833842148        1.0066816757847001        3.5527136788005009E-015
   13.725000000000001       0.95857635766622240       0.80533411780219155        3.1086244689504383E-015
   13.750000000000000       0.97623067409619613       0.60753821003913200        3.7747582837255322E-015
   13.775000000000000       0.98897619112505020       0.41249145696111511        3.3306690738754696E-015
   13.800000000000001       0.99687106427542826       0.21934190999844658        3.3306690738754696E-015
   13.825000000000001       0.99995177458841689        2.7210521070571786E-002   3.5527136788005009E-015
   13.850000000000001       0.99823264687593050      -0.16479412838078739        3.5527136788005009E-015
   13.875000000000000       0.99170568143936610      -0.35756489522400864        3.5527136788005009E-015
   13.900000000000000       0.98034064663053599      -0.55198560106096362        3.5527136788005009E-015
   13.925000000000001       0.96408546144707186      -0.74891773931236139        3.5527136788005009E-015
   13.950000000000001       0.94286698299007776      -0.94918071828254624        3.3306690738754696E-015
   13.975000000000001       0.91659241384786061       -1.1535211924810429        3.5527136788005009E-015
   14.000000000000000       0.88515167026157948       -1.3625657964486053        3.3306690738754696E-015
   14.025000000000000       0.84842121351735467       -1.5767499920219601        3.3306690738754696E-015
   14.050000000000001       0.80627005087394077       -1.7962140297806899        3.7747582837255322E-015
   14.075000000000001       0.75856885395541085       -2.0206558777603814        3.5527136788005009E-015
   14.100000000000001       0.70520339191003589       -2.2491318270372154        3.5527136788005009E-015
   14.125000000000000       0.64609365316489653       -2.4798010301169739        3.7747582837255322E-015
   14.150000000000000       0.58121996609554283       -2.7096247179935555        3.5527136788005009E-015
   14.175000000000001       0.51065683680111740       -2.9340594773678323        3.7747582837255322E-015
   14.200000000000001       0.43461370014668893       -3.1468297026714032        3.3306690738754696E-015
   14.225000000000001       0.35347895657150880       -3.3399201365655000        3.1086244689504383E-015
   14.250000000000000       0.26785958981772673       -3.5039668645604145        3.7747582837255322E-015
   14.275000000000000       0.17860442426020745       -3.6291898037051236        3.1086244689504383E-015
   14.300000000000001        8.6797250681564006E-002  -3.7068463355534664        3.9968028886505635E-015
   14.325000000000001       -6.2901002758785074E-003  -3.7309068947956785        3.5527136788005009E-015
   14.350000000000001       -9.9283764072665037E-002  -3.6994036591490178        3.7747582837255322E-015
   14.375000000000000      -0.19081752404929689       -3.6149034528374195        2.8865798640254070E-015
   14.400000000000000      -0.27964065998342419       -3.4838940512147278        2.8865798640254070E-015
   14.425000000000001      -0.36469926902855465       -3.3153557294993328        2.8865798640254070E-015
   14.450000000000001      -0.44517754264916065       -3.1190874597013005        3.1086244689504383E-015
   14.475000000000001      -0.52049983855475035       -2.9043128959951887        2.6645352591003757E-015
   14.500000000000000      -0.59030440894057734       -2.6788248253174975        3.1086244689504383E-015
   14.525000000000000      -0.65440257311588135       -2.4486581733517094        2.8865798640254070E-015
   14.550000000000001      -0.71273477375936289       -2.2181371913951549        2.6645352591003757E-015
   14.575000000000001      -0.76533062362897497       -1.9901206784114946        2.8865798640254070E-015
   14.600000000000001      -0.81227610744508016       -1.7663116909180181        2.6645352591003757E-015
   14.625000000000000      -0.85368846779410623       -1.5475537046669041        2.8865798640254070E-015
   14.650000000000000      -0.88969793234655214       -1.3340786987396782        2.8865798640254070E-015
   14.675000000000001      -0.92043494040266072       -1.1256990821379238        2.8865798640254070E-015
   14.700000000000001      -0.94602150955959730      -0.92194836693705629        2.6645352591003757E-015
   14.725000000000001      -0.96656557707630431      -0.72218019264972899        2.4424906541753444E-015
   14.750000000000000      -0.98215740209373670      -0.52563576840529169        2.8865798640254070E-015
   14.775000000000000      -0.99286735237877166      -0.33148851354399334        2.6645352591003757E-015
   14.800000000000001      -0.99874459733403886      -0.13887295452409340        2.6645352591003757E-015
   14.825000000000001      -0.99981638526500960        5.3096627172752014E-002   2.6645352591003757E-015
   14.850000000000001      -0.99608770460912566       0.24531348247953236        2.4424906541753444E-015
   14.875000000000000      -0.98754122646025999       0.43866804751222754        2.6645352591003757E-015
   14.900000000000000      -0.97413751021858819       0.63403670041223037        2.6645352591003757E-015
   14.925000000000001      -0.95581553631243943       0.83226624321845211        2.4424906541753444E-015
   14.950000000000001      -0.93249372035711742        1.0341501817291534        2.6645352591003757E-015
   14.975000000000001      -0.90407167271686484        1.2403918890061427        2.6645352591003757E-015
