  -1.0000000000000000                            NaN
 -0.99799799799799804       0.22955978694033383     
 -0.99599599599599598       0.18537587556092736     
 -0.99399399399399402       0.15717265087906920     
 -0.99199199199199195       0.14373402418670170     
 -0.98998998998998999       0.14101266591418957     
 -0.98798798798798804       0.14366034739651420     
 -0.98598598598598597       0.14816323177614588     
 -0.98398398398398401       0.15311479073864362     
 -0.98198198198198194       0.15820161483391962     
 -0.97997997997997999       0.16331933649312569     
 -0.97797797797797803       0.16822783069143971     
 -0.97597597597597596       0.17259235372776516     
 -0.97397397397397401       0.17614454980811764     
 -0.97197197197197194       0.17879148256711791     
 -0.96996996996996998       0.18062369457271560     
 -0.96796796796796802       0.18185008752508877     
 -0.96596596596596596       0.18271061416452725     
 -0.96396396396396400       0.18340701322776967     
 -0.96196196196196193       0.18406928852177595     
 -0.95995995995995997       0.18475600505936329     
 -0.95795795795795791       0.18547570784323383     
 -0.95595595595595595       0.18621469611875774     
 -0.95395395395395399       0.18695995028908963     
 -0.95195195195195192       0.18771170758281347     
 -0.94994994994994997       0.18848538916716329     
 -0.94794794794794790       0.18930593876972460     
 -0.94594594594594594       0.19019888378885408     
 -0.94394394394394399       0.19118201302254717     
 -0.94194194194194192       0.19226020227578644     
 -0.93993993993993996       0.19342430782710465     
 -0.93793793793793789       0.19465369148999445     
 -0.93593593593593594       0.19592109824266613     
 -0.93393393393393398       0.19719832098999343     
 -0.93193193193193191       0.19846125322210931     
 -0.92992992992992995       0.19969337515228314     
 -0.92792792792792789       0.20088726169287574     
 -0.92592592592592593       0.20204419584652508     
 -0.92392392392392386       0.20317232774802582     
 -0.92192192192192191       0.20428400243690570     
 -0.91991991991991995       0.20539289842516262     
 -0.91791791791791788       0.20651151340126767     
 -0.91591591591591592       0.20764935489064479     
 -0.91391391391391386       0.20881199345925516     
 -0.91191191191191190       0.21000095521069223     
 -0.90990990990990994       0.21121429551543988     
 -0.90790790790790787       0.21244761870947507     
 -0.90590590590590592       0.21369528767565482     
 -0.90390390390390385       0.21495159248037629     
 -0.90190190190190189       0.21621170340229706     
 -0.89989989989989994       0.21747230447987406     
 -0.89789789789789787       0.21873187462975141     
 -0.89589589589589591       0.21999064354532849     
 -0.89389389389389384       0.22125029240221561     
 -0.89189189189189189       0.22251349251301841     
 -0.88988988988988993       0.22378337961241651     
 -0.88788788788788786       0.22506305097741397     
 -0.88588588588588590       0.22635515197297246     
 -0.88388388388388384       0.22766159302241312     
 -0.88188188188188188       0.22898341209161371     
 -0.87987987987987992       0.23032077516654309     
 -0.87787787787787785       0.23167309023852065     
 -0.87587587587587590       0.23303920003954848     
 -0.87387387387387383       0.23441761511681658     
 -0.87187187187187187       0.23580675087307332     
 -0.86986986986986992       0.23720513846975366     
 -0.86786786786786785       0.23861158831163090     
 -0.86586586586586589       0.24002529456984720     
 -0.86386386386386382       0.24144587845737892     
 -0.86186186186186187       0.24287337571160780     
 -0.85985985985985991       0.24430817933224749     
 -0.85785785785785784       0.24575095183407955     
 -0.85585585585585588       0.24720252220074243     
 -0.85385385385385382       0.24866378171680742     
 -0.85185185185185186       0.25013559041331646     
 -0.84984984984984990       0.25161870255136559     
 -0.84784784784784784       0.25311371593702792     
 -0.84584584584584588       0.25462104638145050     
 -0.84384384384384381       0.25614092565015845     
 -0.84184184184184185       0.25767341901500590     
 -0.83983983983983990       0.25921845713068886     
 -0.83783783783783783       0.26077587639406491     
 -0.83583583583583587       0.26234546210911419     
 -0.83383383383383380       0.26392698951459231     
 -0.83183183183183185       0.26552025884833708     
 -0.82982982982982989       0.26712512192971122     
 -0.82782782782782782       0.26874149906729050     
 -0.82582582582582587       0.27036938630059298     
 -0.82382382382382380       0.27200885396278135     
 -0.82182182182182184       0.27366003824727342     
 -0.81981981981981988       0.27532312785843271     
 -0.81781781781781782       0.27699834794071182     
 -0.81581581581581575       0.27868594335432656     
 -0.81381381381381379       0.28038616305641090     
 -0.81181181181181183       0.28209924692017896     
 -0.80980980980980988       0.28382541584514265     
 -0.80780780780780781       0.28556486553613736     
 -0.80580580580580574       0.28731776390395458     
 -0.80380380380380378       0.28908425169761126     
 -0.80180180180180183       0.29086444573618375     
 -0.79979979979979976       0.29265844397106117     
 -0.79779779779779780       0.29446633157163909     
 -0.79579579579579574       0.29628818727378892     
 -0.79379379379379378       0.29812408934116719     
 -0.79179179179179182       0.29997412064213624     
 -0.78978978978978975       0.30183837251739076     
 -0.78778778778778780       0.30371694728549081     
 -0.78578578578578573       0.30560995938916891     
 -0.78378378378378377       0.30751753531270731     
 -0.78178178178178181       0.30943981249322339     
 -0.77977977977977975       0.31137693750370388     
 -0.77777777777777779       0.31332906380507608     
 -0.77577577577577572       0.31529634935279532     
 -0.77377377377377377       0.31727895430713626     
 -0.77177177177177181       0.31927703904346705     
 -0.76976976976976974       0.32129076259688238     
 -0.76776776776776778       0.32332028161222187     
 -0.76576576576576572       0.32536574981147998     
 -0.76376376376376376       0.32742731794098384     
 -0.76176176176176180       0.32950513412288562     
 -0.75975975975975973       0.33159934451136386     
 -0.75775775775775778       0.33371009414281838     
 -0.75575575575575571       0.33583752787042398     
 -0.75375375375375375       0.33798179128416228     
 -0.75175175175175180       0.34014303153539549     
 -0.74974974974974973       0.34232139800734679     
 -0.74774774774774777       0.34451704279661233     
 -0.74574574574574570       0.34673012099382283     
 -0.74374374374374375       0.34896079077173603     
 -0.74174174174174179       0.35120921330514471     
 -0.73973973973973972       0.35347555255819763     
 -0.73773773773773776       0.35575997498086515     
 -0.73573573573573570       0.35806264915770869     
 -0.73373373373373374       0.36038374544943030     
 -0.73173173173173178       0.36272343566177090     
 -0.72972972972972971       0.36508189276833231     
 -0.72772772772772765       0.36745929070481442     
 -0.72572572572572569       0.36985580424295056     
 -0.72372372372372373       0.37227160894398692     
 -0.72172172172172178       0.37470688118443612     
 -0.71971971971971971       0.37716179824152657     
 -0.71771771771771764       0.37963653842236705     
 -0.71571571571571568       0.38213128121943096     
 -0.71371371371371373       0.38464620747528344     
 -0.71171171171171177       0.38718149954127312     
 -0.70970970970970970       0.38973734141772537     
 -0.70770770770770763       0.39231391886676092     
 -0.70570570570570568       0.39491141949253139     
 -0.70370370370370372       0.39753003278739796     
 -0.70170170170170176       0.40016995014574458     
 -0.69969969969969970       0.40283136484972948     
 -0.69769769769769763       0.40551447203311719     
 -0.69569569569569567       0.40821946863033237     
 -0.69369369369369371       0.41094655331812924     
 -0.69169169169169176       0.41369592645683134     
 -0.68968968968968969       0.41646779003712381     
 -0.68768768768768762       0.41926234763696912     
 -0.68568568568568566       0.42207980439173720     
 -0.68368368368368371       0.42492036697891233     
 -0.68168168168168175       0.42778424361734946     
 -0.67967967967967968       0.43067164407968300     
 -0.67767767767767761       0.43358277971550008     
 -0.67567567567567566       0.43651786348232940     
 -0.67367367367367370       0.43947710998105555     
 -0.67167167167167174       0.44246073549252352     
 -0.66966966966966968       0.44546895801232311     
 -0.66766766766766761       0.44850199728131007     
 -0.66566566566566565       0.45156007481002924     
 -0.66366366366366369       0.45464341389600549     
 -0.66166166166166174       0.45775223963351941     
 -0.65965965965965967       0.46088677891618740     
 -0.65765765765765760       0.46404726043318062     
 -0.65565565565565564       0.46723391466035402     
 -0.65365365365365369       0.47044697384772094     
 -0.65165165165165173       0.47368667200488263     
 -0.64964964964964966       0.47695324488588464     
 -0.64764764764764760       0.48024692997480456     
 -0.64564564564564564       0.48356796647310690     
 -0.64364364364364368       0.48691659528944764     
 -0.64164164164164172       0.49029305903226755     
 -0.63963963963963966       0.49369760200518492     
 -0.63763763763763759       0.49713047020483697     
 -0.63563563563563563       0.50059191132065717     
 -0.63363363363363367       0.50408217473583472     
 -0.63163163163163161       0.50760151152866884     
 -0.62962962962962965       0.51115017447343747     
 -0.62762762762762758       0.51472841804008251     
 -0.62562562562562563       0.51833649839197105     
 -0.62362362362362367       0.52197467338128023     
 -0.62162162162162160       0.52564320254166508     
 -0.61961961961961964       0.52934234707801087     
 -0.61761761761761758       0.53307236985338746     
 -0.61561561561561562       0.53683353537328049     
 -0.61361361361361366       0.54062610976743397     
 -0.61161161161161159       0.54445036076967601     
 -0.60960960960960964       0.54830655769607484     
 -0.60760760760760757       0.55219497142185459     
 -0.60560560560560561       0.55611587435739640     
 -0.60360360360360366       0.56006954042360912     
 -0.60160160160160159       0.56405624502682739     
 -0.59959959959959952       0.56807626503334352     
 -0.59759759759759756       0.57212987874354626     
 -0.59559559559559561       0.57621736586553174     
 -0.59359359359359365       0.58033900748802625     
 -0.59159159159159158       0.58449508605230960     
 -0.58958958958958951       0.58868588532291632     
 -0.58758758758758756       0.59291169035671876     
 -0.58558558558558560       0.59717278747017133     
 -0.58358358358358364       0.60146946420438796     
 -0.58158158158158157       0.60580200928784633     
 -0.57957957957957951       0.61017071259654587     
 -0.57757757757757755       0.61457586511147544     
 -0.57557557557557559       0.61901775887336596     
 -0.57357357357357364       0.62349668693469318     
 -0.57157157157157157       0.62801294330899149     
 -0.56956956956956950       0.63256682291752309     
 -0.56756756756756754       0.63715862153340153     
 -0.56556556556556559       0.64178863572325995     
 -0.56356356356356363       0.64645716278652254     
 -0.56156156156156156       0.65116450069235021     
 -0.55955955955955949       0.65591094801427718     
 -0.55755755755755754       0.66069680386250262     
 -0.55555555555555558       0.66552236781380181     
 -0.55355355355355362       0.67038793983893019     
 -0.55155155155155156       0.67529382022740747     
 -0.54954954954954949       0.68024030950949066     
 -0.54754754754754753       0.68522770837514979     
 -0.54554554554554557       0.69025631758986550     
 -0.54354354354354362       0.69532643790698567     
 -0.54154154154154155       0.70043836997650299     
 -0.53953953953953948       0.70559241425001484     
 -0.53753753753753752       0.71078887088171838     
 -0.53553553553553557       0.71602803962529582     
 -0.53353353353353361       0.72131021972656040     
 -0.53153153153153154       0.72663570981176318     
 -0.52952952952952947       0.73200480777150478     
 -0.52752752752752752       0.73741781064017620     
 -0.52552552552552556       0.74287501447089366     
 -0.52352352352352360       0.74837671420587615     
 -0.52152152152152154       0.75392320354224229     
 -0.51951951951951947       0.75951477479312202     
 -0.51751751751751751       0.76515171874409960     
 -0.51551551551551555       0.77083432450479605     
 -0.51351351351351349       0.77656287935556179     
 -0.51151151151151153       0.78233766858910481     
 -0.50950950950950946       0.78815897534686963     
 -0.50750750750750750       0.79402708045005410     
 -0.50550550550550555       0.79994226222497355     
 -0.50350350350350348       0.80590479632262446     
 -0.50150150150150152       0.81191495553217630     
 -0.49949949949949946       0.81797300958819030     
 -0.49749749749749750       0.82407922497131381     
 -0.49549549549549554       0.83023386470224869     
 -0.49349349349349347       0.83643718812875612     
 -0.49149149149149152       0.84268945070552803     
 -0.48948948948948945       0.84899090376672559     
 -0.48748748748748749       0.85534179429101653     
 -0.48548548548548554       0.86174236465896148     
 -0.48348348348348347       0.86819285240260025     
 -0.48148148148148151       0.87469348994710405     
 -0.47947947947947944       0.88124450434434953     
 -0.47747747747747749       0.88784611699829818     
 -0.47547547547547553       0.89449854338201251     
 -0.47347347347347346       0.90120199274617152     
 -0.47147147147147150       0.90795666781889750     
 -0.46946946946946944       0.91476276449673966     
 -0.46746746746746748       0.92162047152655446     
 -0.46546546546546541       0.92852997017810501     
 -0.46346346346346345       0.93549143390710254     
 -0.46146146146146150       0.94250502800843383     
 -0.45945945945945943       0.94957090925928733     
 -0.45745745745745747       0.95668922555190816     
 -0.45545545545545540       0.96386011551565520     
 -0.45345345345345345       0.97108370812809652     
 -0.45145145145145149       0.97836012231482250     
 -0.44944944944944942       0.98568946653769818     
 -0.44744744744744747       0.99307183837130208     
 -0.44544544544544540        1.0005073240672284     
 -0.44344344344344344        1.0079959981060953     
 -0.44144144144144148        1.0155379227369394     
 -0.43943943943943942        1.0231331475038388     
 -0.43743743743743746        1.0307817087595215     
 -0.43543543543543539        1.0384836291658071     
 -0.43343343343343343        1.0462389171806323     
 -0.43143143143143148        1.0540475665315356     
 -0.42942942942942941        1.0619095556753579     
 -0.42742742742742745        1.0698248472439866     
 -0.42542542542542539        1.0777933874759447     
 -0.42342342342342343        1.0858151056335541     
 -0.42142142142142147        1.0938899134054858     
 -0.41941941941941940        1.1020177042944230     
 -0.41741741741741745        1.1101983529895405     
 -0.41541541541541538        1.1184317147235434     
 -0.41341341341341342        1.1267176246139334     
 -0.41141141141141147        1.1350558969882460     
 -0.40940940940940940        1.1434463246928670     
 -0.40740740740740744        1.1518886783851880     
 -0.40540540540540537        1.1603827058087610     
 -0.40340340340340342        1.1689281310511703     
 -0.40140140140140135        1.1775246537843513     
 -0.39939939939939939        1.1861719484870967     
 -0.39739739739739743        1.1948696636495617     
 -0.39539539539539537        1.2036174209595223     
 -0.39339339339339341        1.2124148144702795     
 -0.39139139139139134        1.2212614097500545     
 -0.38938938938938938        1.2301567430127669     
 -0.38738738738738743        1.2391003202301494     
 -0.38538538538538536        1.2480916162251405     
 -0.38338338338338340        1.2571300737464897     
 -0.38138138138138133        1.2662151025246549     
 -0.37937937937937938        1.2753460783088648     
 -0.37737737737737742        1.2845223418854519     
 -0.37537537537537535        1.2937431980773950     
 -0.37337337337337340        1.3030079147251066     
 -0.37137137137137133        1.3123157216484358     
 -0.36936936936936937        1.3216658095898892     
 -0.36736736736736741        1.3310573291390768     
 -0.36536536536536535        1.3404893896383177     
 -0.36336336336336339        1.3499610580694676     
 -0.36136136136136132        1.3594713579219160     
 -0.35935935935935936        1.3690192680418025     
 -0.35735735735735741        1.3786037214624769     
 -0.35535535535535534        1.3882236042163039     
 -0.35335335335335338        1.3978777541279381     
 -0.35135135135135132        1.4075649595892115     
 -0.34934934934934936        1.4172839583159269     
 -0.34734734734734740        1.4270334360868249     
 -0.34534534534534533        1.4368120254651322     
 -0.34334334334334338        1.4466183045031360     
 -0.34134134134134131        1.4564507954303714     
 -0.33933933933933935        1.4663079633259992     
 -0.33733733733733728        1.4761882147761531     
 -0.33533533533533533        1.4860898965170073     
 -0.33333333333333337        1.4960112940644616     
 -0.33133133133133130        1.5059506303313963     
 -0.32932932932932935        1.5159060642334974     
 -0.32732732732732728        1.5258756892847327     
 -0.32532532532532532        1.5358575321836136     
 -0.32332332332332336        1.5458495513913892     
 -0.32132132132132130        1.5558496357034322     
 -0.31931931931931934        1.5658556028150135     
 -0.31731731731731727        1.5758651978828158     
 -0.31531531531531531        1.5858760920834687     
 -0.31331331331331336        1.5958858811704952     
 -0.31131131131131129        1.6058920840310820     
 -0.30930930930930933        1.6158921412441376     
 -0.30730730730730726        1.6258834136411637     
 -0.30530530530530531        1.6358631808715487     
 -0.30330330330330335        1.6458286399739652     
 -0.30130130130130128        1.6557769039556733     
 -0.29929929929929933        1.6657050003816010     
 -0.29729729729729726        1.6756098699752853     
 -0.29529529529529530        1.6854883652337918     
 -0.29329329329329334        1.6953372490589691     
 -0.29129129129129128        1.7051531934075295     
 -0.28928928928928932        1.7149327779625954     
 -0.28728728728728725        1.7246724888295670     
 -0.28528528528528529        1.7343687172593216     
 -0.28328328328328334        1.7440177584019434     
 -0.28128128128128127        1.7536158100943358     
 -0.27927927927927931        1.7631589716852842     
 -0.27727727727727725        1.7726432429016339     
 -0.27527527527527529        1.7820645227594725     
 -0.27327327327327322        1.7914186085242672     
 -0.27127127127127126        1.8007011947240910     
 -0.26926926926926931        1.8099078722201649     
 -0.26726726726726724        1.8190341273390365     
 -0.26526526526526528        1.8280753410708230     
 -0.26326326326326321        1.8370267883380027     
 -0.26126126126126126        1.8458836373393341     
 -0.25925925925925930        1.8546409489735582     
 -0.25725725725725723        1.8632936763475507     
 -0.25525525525525528        1.8718366643737259     
 -0.25325325325325321        1.8802646494615349     
 -0.25125125125125125        1.8885722593079577     
 -0.24924924924924929        1.8967540127920026     
 -0.24724724724724723        1.9048043199783120     
 -0.24524524524524527        1.9127174822350612     
 -0.24324324324324320        1.9204876924714878     
 -0.24124124124124124        1.9281090355004675     
 -0.23923923923923929        1.9355754885317211     
 -0.23723723723723722        1.9428809218013763     
 -0.23523523523523526        1.9500190993437090     
 -0.23323323323323319        1.9569836799111122     
 -0.23123123123123124        1.9637682180483733     
 -0.22922922922922928        1.9703661653275661     
 -0.22722722722722721        1.9767708717499217     
 -0.22522522522522526        1.9829755873211590     
 -0.22322322322322319        1.9889734638068084     
 -0.22122122122122123        1.9947575566741433     
 -0.21921921921921927        2.0003208272273141     
 -0.21721721721721721        2.0056561449422547     
 -0.21521521521521525        2.0107562900079046     
 -0.21321321321321318        2.0156139560801800     
 -0.21121121121121122        2.0202217532549582     
 -0.20920920920920916        2.0245722112662201     
 -0.20720720720720720        2.0286577829152312     
 -0.20520520520520524        2.0324708477364708     
 -0.20320320320320318        2.0360037159056268     
 -0.20120120120120122        2.0392486323947812     
 -0.19919919919919915        2.0421977813795236     
 -0.19719719719719719        2.0448432909023819     
 -0.19519519519519524        2.0471772377965864     
 -0.19319319319319317        2.0491916528738283     
 -0.19119119119119121        2.0508785263792424     
 -0.18918918918918914        2.0522298137164672     
 -0.18718718718718719        2.0532374414451953     
 -0.18518518518518523        2.0538933135532624     
 -0.18318318318318316        2.0541893180048310     
 -0.18118118118118121        2.0541173335658178     
 -0.17917917917917914        2.0536692369072815     
 -0.17717717717717718        2.0528369099870267     
 -0.17517517517517522        2.0516122477091288     
 -0.17317317317317316        2.0499871658606534     
 -0.17117117117117120        2.0479536093242823     
 -0.16916916916916913        2.0455035605649812     
 -0.16716716716716717        2.0426290483881462     
 -0.16516516516516522        2.0393221569662106     
 -0.16316316316316315        2.0355750351297077     
 -0.16116116116116119        2.0313799059182815     
 -0.15915915915915912        2.0267290763860855     
 -0.15715715715715717        2.0216149476553360     
 -0.15515515515515510        2.0160300252107000     
 -0.15315315315315314        2.0099669294263074     
 -0.15115115115115119        2.0034184063160945     
 -0.14914914914914912        1.9963773384971504     
 -0.14714714714714716        1.9888367563545626     
 -0.14514514514514509        1.9807898493952336     
 -0.14314314314314314        1.9722299777768380     
 -0.14114114114114118        1.9631506839970114     
 -0.13913913913913911        1.9535457047267102     
 -0.13713713713713716        1.9434089827704308     
 -0.13513513513513509        1.9327346791349209     
 -0.13313313313313313        1.9215171851868675     
 -0.13113113113113117        1.9097511348789744     
 -0.12912912912912911        1.8974314170228022     
 -0.12712712712712715        1.8845531875857982     
 -0.12512512512512508        1.8711118819889352     
 -0.12312312312312312        1.8571032273806192     
 -0.12112112112112117        1.8425232548615540     
 -0.11911911911911910        1.8273683116346784     
 -0.11711711711711714        1.8116350730533954     
 -0.11511511511511507        1.7953205545408037     
 -0.11311311311311312        1.7784221233519677     
 -0.11111111111111116        1.7609375101507407     
 -0.10910910910910909        1.7428648203721273     
 -0.10710710710710714        1.7242025453407526     
 -0.10510510510510507        1.7049495731155209     
 -0.10310310310310311        1.6851051990302286     
 -0.10110110110110115        1.6646691358995562     
  -9.9099099099099086E-002   1.6436415238595645     
  -9.7097097097097129E-002   1.6220229398116133     
  -9.5095095095095061E-002   1.5998144064384681     
  -9.3093093093093104E-002   1.5770174007612621     
  -9.1091091091091037E-002   1.5536338622059997     
  -8.9089089089089080E-002   1.5296662001483294     
  -8.7087087087087123E-002   1.5051173009056951     
  -8.5085085085085055E-002   1.4799905341460391     
  -8.3083083083083098E-002   1.4542897586830308     
  -8.1081081081081030E-002   1.4280193276281561     
  -7.9079079079079073E-002   1.4011840928710801     
  -7.7077077077077116E-002   1.3737894088604348     
  -7.5075075075075048E-002   1.3458411356585789     
  -7.3073073073073092E-002   1.3173456412451765     
  -7.1071071071071024E-002   1.2883098030459390     
  -6.9069069069069067E-002   1.2587410086648376     
  -6.7067067067067110E-002   1.2286471557998278     
  -6.5065065065065042E-002   1.1980366513244824     
  -6.3063063063063085E-002   1.1669184095199756     
  -6.1061061061061017E-002   1.1353018494445235     
  -5.9059059059059060E-002   1.1031968914297610     
  -5.7057057057057103E-002   1.0706139526961997     
  -5.5055055055055035E-002   1.0375639420826801     
  -5.3053053053053079E-002   1.0040582538872940     
  -5.1051051051051011E-002  0.97010876082006381     
  -4.9049049049049054E-002  0.93572780607031392     
  -4.7047047047047097E-002  0.90092819449425299     
  -4.5045045045045029E-002  0.86572318293078421     
  -4.3043043043043072E-002  0.83012646965604342     
  -4.1041041041041004E-002  0.79415218298934631     
  -3.9039039039039047E-002  0.75781486906543916     
  -3.7037037037037090E-002  0.72112947878985878     
  -3.5035035035035023E-002  0.68411135399618195     
  -3.3033033033033066E-002  0.64677621282553543     
  -3.1031031031030998E-002  0.60914013435039871     
  -2.9029029029029041E-002  0.57121954246625029     
  -2.7027027027026973E-002  0.53303118907594271     
  -2.5025025025025016E-002  0.49459213659322299     
  -2.3023023023023059E-002  0.45591973979296085     
  -2.1021021021020991E-002  0.41703162703730923     
  -1.9019019019019034E-002  0.37794568090814668     
  -1.7017017017016967E-002  0.33868001827796390     
  -1.5015015015015010E-002  0.29925296985278166     
  -1.3013013013013053E-002  0.25968305922248869     
  -1.1011011011010985E-002  0.21998898145596454     
  -9.0090090090090280E-003  0.18018958128028881     
  -7.0070070070069601E-003  0.14030383088556270     
  -5.0050050050050032E-003  0.10035080739920138     
  -3.0030030030030463E-003   6.0349670075889941E-002
  -1.0010010010009784E-003   2.0319637251942180E-002
   1.0010010010010895E-003  -1.9720036884808806E-002
   3.0030030030030463E-003  -5.9750085655966977E-002
   5.0050050050050032E-003  -9.9751253328486542E-002
   7.0070070070069601E-003 -0.13970431856749871     
   9.0090090090089170E-003 -0.17959011784616041     
   1.1011011011011096E-002 -0.21938956875110391     
   1.3013013013013053E-002 -0.25908369312088142     
   1.5015015015015010E-002 -0.29865363995435562     
   1.7017017017016967E-002 -0.33808070802565426     
   1.9019019019018923E-002 -0.37734636814306510     
   2.1021021021021102E-002 -0.41643228499022572     
   2.3023023023023059E-002 -0.45532033848998404     
   2.5025025025025016E-002 -0.49399264463368392     
   2.7027027027026973E-002 -0.53243157572183319     
   2.9029029029028930E-002 -0.57061977996600177     
   3.1031031031031109E-002 -0.60854020040608725     
   3.3033033033033066E-002 -0.64617609310209156     
   3.5035035035035023E-002 -0.68351104456479994     
   3.7037037037036979E-002 -0.72052898839537283     
   3.9039039039038936E-002 -0.75721422110978864     
   4.1041041041041115E-002 -0.79355141712981414     
   4.3043043043043072E-002 -0.82952564292808606     
   4.5045045045045029E-002 -0.86512237032041028     
   4.7047047047046986E-002 -0.90032748890360004     
   4.9049049049048943E-002 -0.93512731764191037     
   5.1051051051051122E-002 -0.96950861560927826     
   5.3053053053053079E-002  -1.0034585918978594     
   5.5055055055055035E-002  -1.0369649147062041     
   5.7057057057056992E-002  -1.0700157196218818     
   5.9059059059058949E-002  -1.1025996171145642     
   6.1061061061061128E-002  -1.1347056992553610     
   6.3063063063063085E-002  -1.1663235456776297     
   6.5065065065065042E-002  -1.1974432287927708     
   6.7067067067066999E-002  -1.2280553182723237     
   6.9069069069069178E-002  -1.2581508848049938     
   7.1071071071071135E-002  -1.2877215031339750     
   7.3073073073073092E-002  -1.3167592543767610     
   7.5075075075075048E-002  -1.3452567276259249     
   7.7077077077077005E-002  -1.3732070208265079     
   7.9079079079079184E-002  -1.4006037409224790     
   8.1081081081081141E-002  -1.4274410032626237     
   8.3083083083083098E-002  -1.4537134302545327     
   8.5085085085085055E-002  -1.4794161492547533     
   8.7087087087087012E-002  -1.5045447896834574     
   8.9089089089089191E-002  -1.5290954793535059     
   9.1091091091091148E-002  -1.5530648400063853     
   9.3093093093093104E-002  -1.5764499820513349     
   9.5095095095095061E-002  -1.5992484985089799     
   9.7097097097097018E-002  -1.6214584581668525     
   9.9099099099099197E-002  -1.6430783979611991     
  0.10110110110110115       -1.6641073146072505     
  0.10310310310310311       -1.6845446555085259     
  0.10510510510510507       -1.7043903089843315     
  0.10710710710710702       -1.7236445938634131     
  0.10910910910910920       -1.7423082485000574     
  0.11111111111111116       -1.7603824192768540     
  0.11311311311311312       -1.7778686486653612     
  0.11511511511511507       -1.7947688629216105     
  0.11711711711711703       -1.8110853594979044     
  0.11911911911911921       -1.8268207942549608     
  0.12112112112112117       -1.8419781685593624     
  0.12312312312312312       -1.8565608163501286     
  0.12512512512512508       -1.8705723912549048     
  0.12712712712712704       -1.8840168538311479     
  0.12912912912912922       -1.8968984590001796     
  0.13113113113113117       -1.9092217437330525     
  0.13313313313313313       -1.9209915150361883     
  0.13513513513513509       -1.9322128382726873     
  0.13713713713713704       -1.9428910258420324     
  0.13913913913913922       -1.9530316262270349     
  0.14114114114114118       -1.9626404134029853     
  0.14314314314314314       -1.9717233765901978     
  0.14514514514514509       -1.9802867103181856     
  0.14714714714714705       -1.9883368047580103     
  0.14914914914914923       -1.9958802362692871     
  0.15115115115115119       -2.0029237581003256     
  0.15315315315315314       -2.0094742911744135     
  0.15515515515515510       -2.0155389148923537     
  0.15715715715715706       -2.0211248578816341     
  0.15915915915915924       -2.0262394886255519     
  0.16116116116116119       -2.0308903059119694     
  0.16316316316316315       -2.0350849290503827     
  0.16516516516516511       -2.0388310878177007     
  0.16716716716716706       -2.0421366121075422     
  0.16916916916916924       -2.0450094212736594     
  0.17117117117117120       -2.0474575131759392     
  0.17317317317317316       -2.0494889529556559     
  0.17517517517517511       -2.0511118615853423     
  0.17717717717717707       -2.0523344042567544     
  0.17917917917917925       -2.0531647786873446     
  0.18118118118118121       -2.0536112034407301     
  0.18318318318318316       -2.0536819063692340     
  0.18518518518518512       -2.0533851132960099     
  0.18718718718718708       -2.0527290370601365     
  0.18918918918918926       -2.0517218670498814     
  0.19119119119119121       -2.0503717593470188     
  0.19319319319319317       -2.0486868275980696     
  0.19519519519519513       -2.0466751347174488     
  0.19719719719719730       -2.0443446855118346     
  0.19919919919919926       -2.0417034202961273     
  0.20120120120120122       -2.0387592095487137     
  0.20320320320320318       -2.0355198496286060     
  0.20520520520520513       -2.0319930595498841     
  0.20720720720720731       -2.0281864787807482     
  0.20920920920920927       -2.0241076660062545     
  0.21121121121121122       -2.0197640987664678     
  0.21321321321321318       -2.0151631738564153     
  0.21521521521521514       -2.0103122083517473     
  0.21721721721721732       -2.0052184411053493     
  0.21921921921921927       -1.9998890345462133     
  0.22122122122122123       -1.9943310766031781     
  0.22322322322322319       -1.9885515825735223     
  0.22522522522522515       -1.9825574967597284     
  0.22722722722722732       -1.9763556937076052     
  0.22922922922922928       -1.9699529788950176     
  0.23123123123123124       -1.9633560887423529     
  0.23323323323323319       -1.9565716898431795     
  0.23523523523523515       -1.9496063773453682     
  0.23723723723723733       -1.9424666724483350     
  0.23923923923923929       -1.9351590190198966     
  0.24124124124124124       -1.9276897793751009     
  0.24324324324324320       -1.9200652292980904     
  0.24524524524524516       -1.9122915524248536     
  0.24724724724724734       -1.9043748341385651     
  0.24924924924924929       -1.8963210551582625     
  0.25125125125125125       -1.8881360850250029     
  0.25325325325325321       -1.8798256757059295     
  0.25525525525525516       -1.8713954555452650     
  0.25725725725725734       -1.8628509237910782     
  0.25925925925925930       -1.8541974459178445     
  0.26126126126126126       -1.8454402499469205     
  0.26326326326326321       -1.8365844239405316     
  0.26526526526526517       -1.8276349148103359     
  0.26726726726726735       -1.8185965285399890     
  0.26926926926926931       -1.8094739318737203     
  0.27127127127127126       -1.8002716554711757     
  0.27327327327327322       -1.7909940984746331     
  0.27527527527527518       -1.7816455343798769     
  0.27727727727727736       -1.7722301180487703     
  0.27927927927927931       -1.7627518936519579     
  0.28128128128128127       -1.7532148032861454     
  0.28328328328328323       -1.7436226959740879     
  0.28528528528528518       -1.7339793367284697     
  0.28728728728728736       -1.7242884153448548     
  0.28928928928928932       -1.7145535545847799     
  0.29129129129129128       -1.7047783174188880     
  0.29329329329329323       -1.6949662130217815     
  0.29529529529529519       -1.6851207012450797     
  0.29729729729729737       -1.6752451953420864     
  0.29929929929929933       -1.6653430627756007     
  0.30130130130130128       -1.6554176240078953     
  0.30330330330330324       -1.6454721492467637     
  0.30530530530530520       -1.6355098532013048     
  0.30730730730730738       -1.6255338879830756     
  0.30930930930930933       -1.6155473343692890     
  0.31131131131131129       -1.6055531917218482     
  0.31331331331331325       -1.5955543669261651     
  0.31531531531531543       -1.5855536627736082     
  0.31731731731731738       -1.5755537662586780     
  0.31931931931931934       -1.5655572372938482     
  0.32132132132132130       -1.5555664983596518     
  0.32332332332332325       -1.5455838256034711     
  0.32532532532532543       -1.5356113418768647     
  0.32732732732732739       -1.5256510121579860     
  0.32932932932932935       -1.5157046417432303     
  0.33133133133133130       -1.5057738775121692     
  0.33333333333333326       -1.4958602124740559     
  0.33533533533533544       -1.4859649936954060     
  0.33733733733733740       -1.4760894335899346     
  0.33933933933933935       -1.4662346244280724     
  0.34134134134134131       -1.4564015557979979     
  0.34334334334334327       -1.4465911346277649     
  0.34534534534534544       -1.4368042072637617     
  0.34734734734734740       -1.4270415829986574     
  0.34934934934934936       -1.4173040583566550     
  0.35135135135135132       -1.4075924413793868     
  0.35335335335335327       -1.3979075751151619     
  0.35535535535535545       -1.3882503595005491     
  0.35735735735735741       -1.3786217708380313     
  0.35935935935935936       -1.3690228781175051     
  0.36136136136136132       -1.3594548555026584     
  0.36336336336336328       -1.3499189904042519     
  0.36536536536536546       -1.3404166866889076     
  0.36736736736736741       -1.3309494627204108     
  0.36936936936936937       -1.3215189440967772     
  0.37137137137137133       -1.3121268511248085     
  0.37337337337337329       -1.3027749812589091     
  0.37537537537537546       -1.2934651869158644     
  0.37737737737737742       -1.2841993492557087     
  0.37937937937937938       -1.2749793486836072     
  0.38138138138138133       -1.2658070329725477     
  0.38338338338338329       -1.2566841840253644     
  0.38538538538538547       -1.2476124843817462     
  0.38738738738738743       -1.2385934846271089     
  0.38938938938938938       -1.2296285728719110     
  0.39139139139139134       -1.2207189474405378     
  0.39339339339339330       -1.2118655938372374     
  0.39539539539539548       -1.2030692669441110     
  0.39739739739739743       -1.1943304792551461     
  0.39939939939939939       -1.1856494957646508     
  0.40140140140140135       -1.1770263359140560     
  0.40340340340340330       -1.1684607827641635     
  0.40540540540540548       -1.1599523993088170     
  0.40740740740740744       -1.1515005515890584     
  0.40940940940940940       -1.1431044380134798     
  0.41141141141141135       -1.1347631240501797     
  0.41341341341341331       -1.1264755812376512     
  0.41541541541541549       -1.1182407292751313     
  0.41741741741741745       -1.1100574798052587     
  0.41941941941941940       -1.1019247804002916     
  0.42142142142142136       -1.0938416572128484     
  0.42342342342342332       -1.0858072547569921     
  0.42542542542542550       -1.0778208713468100     
  0.42742742742742745       -1.0698819888375157     
  0.42942942942942941       -1.0619902954854770     
  0.43143143143143137       -1.0541457009641966     
  0.43343343343343332       -1.0463483428361753     
  0.43543543543543550       -1.0385985840773795     
  0.43743743743743746       -1.0308970015715577     
  0.43943943943943942       -1.0232443658244730     
  0.44144144144144137       -1.0156416124812035     
  0.44344344344344355       -1.0080898065500692     
  0.44544544544544551       -1.0005901005322730     
  0.44744744744744747      -0.99314368791459018     
  0.44944944944944942      -0.98575175369274126     
  0.45145145145145138      -0.97841542374569346     
  0.45345345345345356      -0.97113571496868267     
  0.45545545545545552      -0.96391348808982458     
  0.45745745745745747      -0.95674940503913930     
  0.45945945945945943      -0.94964389260973647     
  0.46146146146146139      -0.94259711395157486     
  0.46346346346346357      -0.93560894917457027     
  0.46546546546546552      -0.92867898601809040     
  0.46746746746746748      -0.92180652117919804     
  0.46946946946946944      -0.91499057249513505     
  0.47147147147147139      -0.90822990176140195     
  0.47347347347347357      -0.90152304755089274     
  0.47547547547547553      -0.89486836699850314     
  0.47747747747747749      -0.88826408514534427     
  0.47947947947947944      -0.88170835011286441     
  0.48148148148148140      -0.87519929211365699     
  0.48348348348348358      -0.86873508411461364     
  0.48548548548548554      -0.86231400185880125     
  0.48748748748748749      -0.85593448093134572     
  0.48948948948948945      -0.84959516862485018     
  0.49149149149149141      -0.84329496852068397     
  0.49349349349349358      -0.83703307594981746     
  0.49549549549549554      -0.83080900282256320     
  0.49749749749749750      -0.82462259070956379     
  0.49949949949949946      -0.81847401150206878     
  0.50150150150150141      -0.81236375546117334     
  0.50350350350350359      -0.80629260696442817     
  0.50550550550550555      -0.80026160875401831     
  0.50750750750750750      -0.79427201596323183     
  0.50950950950950946      -0.78832524162720674     
  0.51151151151151142      -0.78242279575143214     
  0.51351351351351360      -0.77656622030053613     
  0.51551551551551555      -0.77075702266710222     
  0.51751751751751751      -0.76499661027535126     
  0.51951951951951947      -0.75928622896163778     
  0.52152152152152143      -0.75362690765112295     
  0.52352352352352360      -0.74801941162076635     
  0.52552552552552556      -0.74246420631059062     
  0.52752752752752752      -0.73696143322986796     
  0.52952952952952947      -0.73151089901863331     
  0.53153153153153143      -0.72611207818699852     
  0.53353353353353361      -0.72076412948724566     
  0.53553553553553557      -0.71546592530035746     
  0.53753753753753752      -0.71021609286405984     
  0.53953953953953948      -0.70501306565784594     
  0.54154154154154144      -0.69985514281461947     
  0.54354354354354362      -0.69474055406910251     
  0.54554554554554557      -0.68966752749681859     
  0.54754754754754753      -0.68463435715737486     
  0.54954954954954949      -0.67963946773960315     
  0.55155155155155144      -0.67468147341660623     
  0.55355355355355362      -0.66975922835267709     
  0.55555555555555558      -0.66487186665302345     
  0.55755755755755754      -0.66001882999688988     
  0.55955955955955949      -0.65519988172670007     
  0.56156156156156145      -0.65041510675696002     
  0.56356356356356363      -0.64566489729133980     
  0.56556556556556559      -0.64094992496641356     
  0.56756756756756754      -0.63627110064752557     
  0.56956956956956950      -0.63162952365816138     
  0.57157157157157168      -0.62702642270292452     
  0.57357357357357364      -0.62246309112287013     
  0.57557557557557559      -0.61794081938200751     
  0.57757757757757755      -0.61346082781195765     
  0.57957957957957951      -0.60902420263080481     
  0.58158158158158169      -0.60463183810136711     
  0.58358358358358364      -0.60028438740937518     
  0.58558558558558560      -0.59598222443572224     
  0.58758758758758756      -0.59172541808744616     
  0.58958958958958951      -0.58751372026315507     
  0.59159159159159169      -0.58334656788778250     
  0.59359359359359365      -0.57922309878974954     
  0.59559559559559561      -0.57514218054268540     
  0.59759759759759756      -0.57110245078570432     
  0.59959959959959952      -0.56710236700110206     
  0.60160160160160170      -0.56314026329274280     
  0.60360360360360366      -0.55921441139461514     
  0.60560560560560561      -0.55532308296308008     
  0.60760760760760757      -0.55146461017744330     
  0.60960960960960953      -0.54763744179352092     
  0.61161161161161171      -0.54384019205800893     
  0.61361361361361366      -0.54007168028436503     
  0.61561561561561562      -0.53633095939340969     
  0.61761761761761758      -0.53261733230785679     
  0.61961961961961953      -0.52893035572865876     
  0.62162162162162171      -0.52526983147871809     
  0.62362362362362367      -0.52163578624105245     
  0.62562562562562563      -0.51802844110936808     
  0.62762762762762758      -0.51444817287744316     
  0.62962962962962954      -0.51089546939185382     
  0.63163163163163172      -0.50737088155887033     
  0.63363363363363367      -0.50387497471608911     
  0.63563563563563563      -0.50040828204631227     
  0.63763763763763759      -0.49697126252745116     
  0.63963963963963955      -0.49356426558877925     
  0.64164164164164172      -0.49018750419961848     
  0.64364364364364368      -0.48684103757781627     
  0.64564564564564564      -0.48352476410398837     
  0.64764764764764760      -0.48023842439950826     
  0.64964964964964955      -0.47698161390926180     
  0.65165165165165173      -0.47375380376198306     
  0.65365365365365369      -0.47055436819610286     
  0.65565565565565564      -0.46738261646783447     
  0.65765765765765760      -0.46423782692387061     
  0.65965965965965956      -0.46111928083863951     
  0.66166166166166174      -0.45802629369122222     
  0.66366366366366369      -0.45495824178535504     
  0.66566566566566565      -0.45191458248310235     
  0.66766766766766761      -0.44889486680532609     
  0.66966966966966956      -0.44589874371837196     
  0.67167167167167174      -0.44292595603897433     
  0.67367367367367370      -0.43997632850669488     
  0.67567567567567566      -0.43704974915282874     
  0.67767767767767761      -0.43414614559558790     
  0.67967967967967957      -0.43126545827697338     
  0.68168168168168175      -0.42840761289769475     
  0.68368368368368371      -0.42557249438236744     
  0.68568568568568566      -0.42275992460892253     
  0.68768768768768762      -0.41996964586624630     
  0.68968968968968980      -0.41720131157764245     
  0.69169169169169176      -0.41445448527127932     
  0.69369369369369371      -0.41172864812935672     
  0.69569569569569567      -0.40902321475027664     
  0.69769769769769763      -0.40633755606295813     
  0.69969969969969981      -0.40367102769183039     
  0.70170170170170176      -0.40102300153550308     
  0.70370370370370372      -0.39839289793685828     
  0.70570570570570568      -0.39578021562361143     
  0.70770770770770763      -0.39318455661056101     
  0.70970970970970981      -0.39060564348800386     
  0.71171171171171177      -0.38804332696927257     
  0.71371371371371373      -0.38549758221246133     
  0.71571571571571568      -0.38296849322964766     
  0.71771771771771764      -0.38045622560070308     
  0.71971971971971982      -0.37796098865646793     
  0.72172172172172178      -0.37548298921974027     
  0.72372372372372373      -0.37302237982179393     
  0.72572572572572569      -0.37057920497984659     
  0.72772772772772765      -0.36815334956765849     
  0.72972972972972983      -0.36574449349089788     
  0.73173173173173178      -0.36335207676156056     
  0.73373373373373374      -0.36097527864221157     
  0.73573573573573570      -0.35861301381380822     
  0.73773773773773765      -0.35626394754520291     
  0.73973973973973983      -0.35392653066406138     
  0.74174174174174179      -0.35159905382180701     
  0.74374374374374375      -0.34927971919688033     
  0.74574574574574570      -0.34696672648653420     
  0.74774774774774766      -0.34465836889422968     
  0.74974974974974984      -0.34235313391825184     
  0.75175175175175180      -0.34004980316520383     
  0.75375375375375375      -0.33774754520777506     
  0.75575575575575571      -0.33544599571296724     
  0.75775775775775767      -0.33314531968914041     
  0.75975975975975985      -0.33084625171157706     
  0.76176176176176180      -0.32855011133002948     
  0.76376376376376376      -0.32625879245331618     
  0.76576576576576572      -0.32397472723820914     
  0.76776776776776767      -0.32170082675905798     
  0.76976976976976985      -0.31944040237010629     
  0.77177177177177181      -0.31719707306534023     
  0.77377377377377377      -0.31497466517410760     
  0.77577577577577572      -0.31277711130914010     
  0.77777777777777768      -0.31060835554125321     
  0.77977977977977986      -0.30847227128247839     
  0.78178178178178181      -0.30637259732763988     
  0.78378378378378377      -0.30431289598616379     
  0.78578578578578573      -0.30229653532372458     
  0.78778778778778769      -0.30032669535494888     
  0.78978978978978986      -0.29840639573881844     
  0.79179179179179182      -0.29653854030017207     
  0.79379379379379378      -0.29472597171181453     
  0.79579579579579574      -0.29297152809334759     
  0.79779779779779769      -0.29127809226620777     
  0.79979979979979987      -0.28964862406920661     
  0.80180180180180183      -0.28808616656309194     
  0.80380380380380378      -0.28659381816445628     
  0.80580580580580574      -0.28517466472258246     
  0.80780780780780770      -0.28383166820527672     
  0.80980980980980988      -0.28256751185495105     
  0.81181181181181183      -0.28138440522899827     
  0.81381381381381379      -0.28028385622291574     
  0.81581581581581575      -0.27926642073585761     
  0.81781781781781793      -0.27833144380563396     
  0.81981981981981988      -0.27747680854296131     
  0.82182182182182184      -0.27669871077932701     
  0.82382382382382380      -0.27599147778998107     
  0.82582582582582575      -0.27534744859731330     
  0.82782782782782793      -0.27475693110498761     
  0.82982982982982989      -0.27420824765199209     
  0.83183183183183185      -0.27368787560289759     
  0.83383383383383380      -0.27318068351374952     
  0.83583583583583576      -0.27267025655853566     
  0.83783783783783794      -0.27213929771207512     
  0.83983983983983990      -0.27157008420964107     
  0.84184184184184185      -0.27094495267138424     
  0.84384384384384381      -0.27024678166497379     
  0.84584584584584577      -0.26945943805035677     
  0.84784784784784795      -0.26856815380220012     
  0.84984984984984990      -0.26755980358704573     
  0.85185185185185186      -0.26642306040321234     
  0.85385385385385382      -0.26514841698374969     
  0.85585585585585577      -0.26372807395239295     
  0.85785785785785795      -0.26215571102819663     
  0.85985985985985991      -0.26042617359245052     
  0.86186186186186187      -0.25853512198143147     
  0.86386386386386382      -0.25647870299956083     
  0.86586586586586578      -0.25425331030818299     
  0.86786786786786796      -0.25185550061503970     
  0.86986986986986992      -0.24928212445866449     
  0.87187187187187187      -0.24653071305323587     
  0.87387387387387383      -0.24360013633910829     
  0.87587587587587579      -0.24049151351312528     
  0.87787787787787797      -0.23720931868814796     
  0.87987987987987992      -0.23376258506685360     
  0.88188188188188188      -0.23016607629767094     
  0.88388388388388384      -0.22644126929836783     
  0.88588588588588579      -0.22261698447801914     
  0.88788788788788797      -0.21872951168119986     
  0.88988988988988993      -0.21482211609348173     
  0.89189189189189189      -0.21094386767321677     
  0.89389389389389384      -0.20714781667337043     
  0.89589589589589580      -0.20348862877021659     
  0.89789789789789798      -0.20001988473456414     
  0.89989989989989994      -0.19679132712275152     
  0.90190190190190189      -0.19384638460984874     
  0.90390390390390385      -0.19122030901868681     
  0.90590590590590581      -0.18893921056186272     
  0.90790790790790799      -0.18702017008397562     
  0.90990990990990994      -0.18547244950188652     
  0.91191191191191190      -0.18429963054686468     
  0.91391391391391386      -0.18350231543625167     
  0.91591591591591581      -0.18308085763830975     
  0.91791791791791799      -0.18303749613292014     
  0.91991991991991995      -0.18337727824821312     
  0.92192192192192191      -0.18410729731128356     
  0.92392392392392386      -0.18523404354411468     
  0.92592592592592582      -0.18675904307781277     
  0.92792792792792800      -0.18867338294661459     
  0.92992992992992995      -0.19095210476594787     
  0.93193193193193191      -0.19354969675874159     
  0.93393393393393387      -0.19639792811944609     
  0.93593593593593583      -0.19940698768519161     
  0.93793793793793800      -0.20247030528571708     
  0.93993993993993996      -0.20547262387396045     
  0.94194194194194192      -0.20830001570603102     
  0.94394394394394388      -0.21084982959151830     
  0.94594594594594605      -0.21303827778196036     
  0.94794794794794801      -0.21480373287150986     
  0.94994994994994997      -0.21610488326651278     
  0.95195195195195192      -0.21691454681215830     
  0.95395395395395388      -0.21721175992484856     
  0.95595595595595606      -0.21697611149849180     
  0.95795795795795802      -0.21618846386291699     
  0.95995995995995997      -0.21484066310552333     
  0.96196196196196193      -0.21295356104095919     
  0.96396396396396389      -0.21059841674212124     
  0.96596596596596607      -0.20791314447651033     
  0.96796796796796802      -0.20510406890419589     
  0.96996996996996998      -0.20242759439375391     
  0.97197197197197194      -0.20015449751874942     
  0.97397397397397389      -0.19852930655513529     
  0.97597597597597607      -0.19774189049737123     
  0.97797797797797803      -0.19792004380045075     
  0.97997997997997999      -0.19912697294919898     
  0.98198198198198194      -0.20131569299051735     
  0.98398398398398390      -0.20418292154374801     
  0.98598598598598608      -0.20692075703110949     
  0.98798798798798804      -0.20800176696153322     
  0.98998998998998999      -0.20525717546003339     
  0.99199199199199195      -0.19631701538729204     
  0.99399399399399391      -0.17856926032140844     
  0.99599599599599609      -0.14661758020261836     
  0.99799799799799804       -8.8673087607501130E-002
   1.0000000000000000                            NaN
